#         Time      average
            1      130.196
            2      130.244
            3      130.292
            4      130.332
            5      130.362
            6      130.388
            7      130.419
            8      130.455
            9      130.494
           10      130.535
           11      130.579
           12      130.631
           13       130.69
           14      130.746
           15      130.796
           16      130.841
           17       130.89
           18      130.944
           19      131.003
           20      131.061
           21      131.117
           22       131.17
           23      131.223
           24      131.278
           25      131.337
           26        131.4
           27      131.466
           28      131.535
           29      131.604
           30      131.675
           31      131.746
           32       131.82
           33      131.895
           34      131.971
           35      132.048
           36      132.127
           37      132.206
           38      132.286
           39      132.367
           40      132.451
           41      132.536
           42      132.623
           43      132.713
           44      132.805
           45        132.9
           46      132.996
           47      133.095
           48      133.197
           49        133.3
           50      133.406
           51      133.515
           52      133.626
           53       133.74
           54      133.856
           55      133.976
           56      134.098
           57      134.223
           58      134.351
           59      134.482
           60      134.615
           61      134.751
           62      134.889
           63       135.03
           64      135.173
           65      135.318
           66      135.464
           67      135.613
           68      135.763
           69      135.915
           70      136.068
           71      136.223
           72      136.379
           73      136.536
           74      136.695
           75      136.854
           76      137.014
           77      137.175
           78      137.337
           79      137.499
           80      137.662
           81      137.825
           82       137.99
           83      138.155
           84       138.32
           85      138.485
           86      138.652
           87      138.817
           88      138.984
           89       139.15
           90      139.318
           91      139.484
           92      139.651
           93      139.818
           94      139.986
           95      140.152
           96       140.32
           97      140.487
           98      140.655
           99      140.821
          100      140.989
          101      141.156
          102      141.324
          103       141.49
          104      141.659
          105      141.824
          106      141.992
          107      142.157
          108      142.326
          109      142.491
          110      142.659
          111      142.824
          112       142.99
          113      143.155
          114      143.323
          115      143.487
          116      143.654
          117      143.818
          118      143.984
          119      144.148
          120      144.314
          121      144.477
          122      144.644
          123      144.806
          124      144.971
          125      145.134
          126        145.3
          127      145.462
          128      145.627
          129      145.789
          130      145.954
          131      146.115
          132      146.279
          133      146.441
          134      146.605
          135      146.766
          136       146.93
          137       147.09
          138      147.254
          139      147.414
          140      147.577
          141      147.737
          142        147.9
          143       148.06
          144      148.222
          145      148.381
          146      148.544
          147      148.702
          148      148.865
          149      149.023
          150      149.184
          151      149.342
          152      149.504
          153      149.661
          154      149.822
          155      149.979
          156      150.139
          157      150.296
          158      150.457
          159      150.613
          160      150.773
          161      150.929
          162      151.088
          163      151.244
          164      151.403
          165      151.558
          166      151.716
          167       151.87
          168      152.028
          169      152.183
          170       152.34
          171      152.495
          172      152.652
          173      152.805
          174      152.961
          175      153.114
          176       153.27
          177      153.423
          178      153.578
          179       153.73
          180      153.885
          181      154.037
          182      154.192
          183      154.343
          184      154.497
          185      154.647
          186        154.8
          187       154.95
          188      155.103
          189      155.252
          190      155.404
          191      155.553
          192      155.706
          193      155.854
          194      156.006
          195      156.153
          196      156.305
          197      156.451
          198        156.6
          199      156.747
          200      156.897
          201      157.043
          202      157.191
          203      157.337
          204      157.485
          205      157.629
          206      157.778
          207      157.921
          208      158.068
          209      158.211
          210      158.358
          211        158.5
          212      158.647
          213      158.788
          214      158.934
          215      159.075
          216      159.219
          217      159.361
          218      159.504
          219      159.644
          220      159.786
          221      159.927
          222      160.068
          223      160.206
          224      160.348
          225      160.485
          226      160.626
          227      160.763
          228      160.903
          229      161.039
          230      161.179
          231      161.315
          232      161.452
          233      161.587
          234      161.725
          235      161.859
          236      161.996
          237      162.129
          238      162.265
          239      162.397
          240      162.532
          241      162.664
          242      162.797
          243      162.928
          244       163.06
          245      163.191
          246      163.322
          247      163.452
          248      163.583
          249      163.711
          250      163.841
          251      163.968
          252      164.097
          253      164.224
          254      164.352
          255      164.479
          256      164.605
          257      164.732
          258      164.857
          259      164.982
          260      165.107
          261      165.231
          262      165.354
          263      165.476
          264      165.599
          265       165.72
          266       165.84
          267      165.961
          268       166.08
          269      166.199
          270      166.318
          271      166.436
          272      166.553
          273      166.671
          274      166.787
          275      166.903
          276      167.019
          277      167.134
          278      167.249
          279      167.363
          280      167.477
          281       167.59
          282      167.703
          283      167.816
          284      167.928
          285       168.04
          286      168.151
          287      168.262
          288      168.372
          289      168.482
          290      168.592
          291      168.701
          292      168.809
          293      168.918
          294      169.025
          295      169.132
          296      169.239
          297      169.346
          298      169.451
          299      169.558
          300      169.662
          301      169.767
          302      169.871
          303      169.975
          304      170.078
          305      170.182
          306      170.284
          307      170.386
          308      170.488
          309      170.589
          310       170.69
          311      170.791
          312       170.89
          313       170.99
          314      171.089
          315      171.188
          316      171.286
          317      171.385
          318      171.482
          319      171.579
          320      171.676
          321      171.772
          322      171.868
          323      171.963
          324      172.058
          325      172.154
          326      172.248
          327      172.342
          328      172.436
          329      172.529
          330      172.622
          331      172.714
          332      172.806
          333      172.898
          334      172.989
          335       173.08
          336       173.17
          337       173.26
          338       173.35
          339      173.439
          340      173.528
          341      173.617
          342      173.705
          343      173.793
          344       173.88
          345      173.967
          346      174.054
          347      174.141
          348      174.227
          349      174.313
          350      174.398
          351      174.483
          352      174.568
          353      174.652
          354      174.736
          355       174.82
          356      174.903
          357      174.986
          358      175.068
          359      175.151
          360      175.233
          361      175.314
          362      175.396
          363      175.477
          364      175.558
          365      175.638
          366      175.718
          367      175.798
          368      175.877
          369      175.956
          370      176.036
          371      176.114
          372      176.192
          373      176.271
          374      176.348
          375      176.426
          376      176.503
          377       176.58
          378      176.657
          379      176.733
          380      176.809
          381      176.885
          382      176.961
          383      177.036
          384      177.111
          385      177.186
          386      177.261
          387      177.335
          388       177.41
          389      177.484
          390      177.557
          391      177.631
          392      177.704
          393      177.777
          394       177.85
          395      177.923
          396      177.995
          397      178.067
          398      178.139
          399      178.211
          400      178.283
          401      178.354
          402      178.425
          403      178.496
          404      178.567
          405      178.637
          406      178.708
          407      178.778
          408      178.848
          409      178.918
          410      178.988
          411      179.057
          412      179.127
          413      179.196
          414      179.265
          415      179.334
          416      179.403
          417      179.471
          418       179.54
          419      179.608
          420      179.677
          421      179.745
          422      179.813
          423      179.881
          424      179.948
          425      180.016
          426      180.083
          427      180.151
          428      180.218
          429      180.285
          430      180.352
          431      180.419
          432      180.486
          433      180.553
          434       180.62
          435      180.686
          436      180.753
          437      180.819
          438      180.885
          439      180.951
          440      181.018
          441      181.084
          442      181.149
          443      181.215
          444      181.281
          445      181.347
          446      181.413
          447      181.478
          448      181.544
          449      181.609
          450      181.675
          451       181.74
          452      181.805
          453      181.871
          454      181.936
          455      182.001
          456      182.066
          457      182.131
          458      182.196
          459      182.261
          460      182.326
          461      182.391
          462      182.456
          463      182.521
          464      182.586
          465      182.651
          466      182.716
          467      182.781
          468      182.846
          469       182.91
          470      182.975
          471       183.04
          472      183.105
          473      183.169
          474      183.234
          475      183.299
          476      183.364
          477      183.428
          478      183.493
          479      183.558
          480      183.623
          481      183.687
          482      183.752
          483      183.817
          484      183.882
          485      183.946
          486      184.011
          487      184.076
          488      184.141
          489      184.206
          490      184.271
          491      184.335
          492        184.4
          493      184.465
          494       184.53
          495      184.595
          496       184.66
          497      184.725
          498       184.79
          499      184.855
          500       184.92
          501      184.985
          502      185.051
          503      185.116
          504      185.181
          505      185.246
          506      185.311
          507      185.377
          508      185.442
          509      185.507
          510      185.573
          511      185.638
          512      185.704
          513      185.769
          514      185.835
          515      185.901
          516      185.966
          517      186.032
          518      186.098
          519      186.163
          520      186.229
          521      186.295
          522      186.361
          523      186.427
          524      186.493
          525      186.559
          526      186.625
          527      186.691
          528      186.757
          529      186.823
          530       186.89
          531      186.956
          532      187.022
          533      187.088
          534      187.155
          535      187.221
          536      187.288
          537      187.354
          538      187.421
          539      187.487
          540      187.554
          541      187.621
          542      187.687
          543      187.754
          544      187.821
          545      187.888
          546      187.954
          547      188.021
          548      188.088
          549      188.155
          550      188.222
          551      188.289
          552      188.356
          553      188.423
          554       188.49
          555      188.557
          556      188.625
          557      188.692
          558      188.759
          559      188.826
          560      188.893
          561      188.961
          562      189.028
          563      189.095
          564      189.163
          565       189.23
          566      189.297
          567      189.365
          568      189.432
          569      189.499
          570      189.567
          571      189.634
          572      189.701
          573      189.769
          574      189.836
          575      189.904
          576      189.971
          577      190.038
          578      190.106
          579      190.173
          580       190.24
          581      190.308
          582      190.375
          583      190.442
          584       190.51
          585      190.577
          586      190.644
          587      190.711
          588      190.779
          589      190.846
          590      190.913
          591       190.98
          592      191.047
          593      191.114
          594      191.181
          595      191.248
          596      191.315
          597      191.382
          598      191.449
          599      191.516
          600      191.582
          601      191.649
          602      191.716
          603      191.782
          604      191.849
          605      191.915
          606      191.982
          607      192.048
          608      192.115
          609      192.181
          610      192.247
          611      192.313
          612      192.379
          613      192.445
          614      192.511
          615      192.577
          616      192.643
          617      192.709
          618      192.774
          619       192.84
          620      192.906
          621      192.971
          622      193.036
          623      193.102
          624      193.167
          625      193.232
          626      193.297
          627      193.362
          628      193.427
          629      193.492
          630      193.556
          631      193.621
          632      193.686
          633       193.75
          634      193.814
          635      193.879
          636      193.943
          637      194.007
          638      194.071
          639      194.135
          640      194.199
          641      194.262
          642      194.326
          643       194.39
          644      194.453
          645      194.516
          646       194.58
          647      194.643
          648      194.706
          649      194.769
          650      194.832
          651      194.894
          652      194.957
          653       195.02
          654      195.082
          655      195.145
          656      195.207
          657      195.269
          658      195.331
          659      195.393
          660      195.455
          661      195.517
          662      195.578
          663       195.64
          664      195.701
          665      195.763
          666      195.824
          667      195.885
          668      195.946
          669      196.007
          670      196.068
          671      196.129
          672       196.19
          673       196.25
          674      196.311
          675      196.371
          676      196.432
          677      196.492
          678      196.552
          679      196.612
          680      196.672
          681      196.731
          682      196.791
          683      196.851
          684       196.91
          685      196.969
          686      197.029
          687      197.088
          688      197.147
          689      197.206
          690      197.265
          691      197.323
          692      197.382
          693      197.441
          694      197.499
          695      197.557
          696      197.616
          697      197.674
          698      197.732
          699       197.79
          700      197.847
          701      197.905
          702      197.963
          703       198.02
          704      198.078
          705      198.135
          706      198.192
          707      198.249
          708      198.306
          709      198.363
          710       198.42
          711      198.477
          712      198.533
          713       198.59
          714      198.646
          715      198.702
          716      198.758
          717      198.814
          718       198.87
          719      198.926
          720      198.982
          721      199.037
          722      199.093
          723      199.148
          724      199.204
          725      199.259
          726      199.314
          727      199.369
          728      199.424
          729      199.478
          730      199.533
          731      199.588
          732      199.642
          733      199.696
          734      199.751
          735      199.805
          736      199.859
          737      199.913
          738      199.966
          739       200.02
          740      200.073
          741      200.127
          742       200.18
          743      200.234
          744      200.287
          745       200.34
          746      200.393
          747      200.445
          748      200.498
          749      200.551
          750      200.603
          751      200.655
          752      200.708
          753       200.76
          754      200.812
          755      200.864
          756      200.916
          757      200.967
          758      201.019
          759       201.07
          760      201.122
          761      201.173
          762      201.224
          763      201.275
          764      201.326
          765      201.377
          766      201.428
          767      201.478
          768      201.529
          769      201.579
          770      201.629
          771       201.68
          772       201.73
          773       201.78
          774      201.829
          775      201.879
          776      201.929
          777      201.978
          778      202.028
          779      202.077
          780      202.126
          781      202.175
          782      202.224
          783      202.273
          784      202.322
          785       202.37
          786      202.419
          787      202.467
          788      202.515
          789      202.564
          790      202.612
          791       202.66
          792      202.708
          793      202.755
          794      202.803
          795      202.851
          796      202.898
          797      202.945
          798      202.993
          799       203.04
          800      203.087
          801      203.134
          802       203.18
          803      203.227
          804      203.274
          805       203.32
          806      203.366
          807      203.413
          808      203.459
          809      203.505
          810      203.551
          811      203.597
          812      203.642
          813      203.688
          814      203.734
          815      203.779
          816      203.824
          817      203.869
          818      203.915
          819       203.96
          820      204.004
          821      204.049
          822      204.094
          823      204.139
          824      204.183
          825      204.227
          826      204.272
          827      204.316
          828       204.36
          829      204.404
          830      204.448
          831      204.491
          832      204.535
          833      204.579
          834      204.622
          835      204.665
          836      204.708
          837      204.752
          838      204.795
          839      204.838
          840       204.88
          841      204.923
          842      204.966
          843      205.008
          844      205.051
          845      205.093
          846      205.135
          847      205.177
          848      205.219
          849      205.261
          850      205.303
          851      205.345
          852      205.386
          853      205.428
          854      205.469
          855       205.51
          856      205.552
          857      205.593
          858      205.634
          859      205.675
          860      205.715
          861      205.756
          862      205.797
          863      205.837
          864      205.877
          865      205.918
          866      205.958
          867      205.998
          868      206.038
          869      206.078
          870      206.118
          871      206.157
          872      206.197
          873      206.236
          874      206.276
          875      206.315
          876      206.354
          877      206.393
          878      206.432
          879      206.471
          880       206.51
          881      206.549
          882      206.587
          883      206.626
          884      206.664
          885      206.703
          886      206.741
          887      206.779
          888      206.817
          889      206.855
          890      206.893
          891       206.93
          892      206.968
          893      207.005
          894      207.043
          895       207.08
          896      207.117
          897      207.154
          898      207.191
          899      207.228
          900      207.265
          901      207.302
          902      207.339
          903      207.375
          904      207.412
          905      207.448
          906      207.484
          907       207.52
          908      207.556
          909      207.592
          910      207.628
          911      207.664
          912      207.699
          913      207.735
          914       207.77
          915      207.806
          916      207.841
          917      207.876
          918      207.911
          919      207.946
          920      207.981
          921      208.016
          922      208.051
          923      208.085
          924       208.12
          925      208.154
          926      208.189
          927      208.223
          928      208.257
          929      208.291
          930      208.325
          931      208.359
          932      208.392
          933      208.426
          934       208.46
          935      208.493
          936      208.526
          937       208.56
          938      208.593
          939      208.626
          940      208.659
          941      208.692
          942      208.725
          943      208.757
          944       208.79
          945      208.822
          946      208.855
          947      208.887
          948      208.919
          949      208.952
          950      208.984
          951      209.016
          952      209.048
          953      209.079
          954      209.111
          955      209.143
          956      209.174
          957      209.206
          958      209.237
          959      209.268
          960      209.299
          961       209.33
          962      209.361
          963      209.392
          964      209.423
          965      209.454
          966      209.484
          967      209.515
          968      209.545
          969      209.576
          970      209.606
          971      209.636
          972      209.666
          973      209.696
          974      209.726
          975      209.756
          976      209.785
          977      209.815
          978      209.845
          979      209.874
          980      209.904
          981      209.933
          982      209.962
          983      209.991
          984       210.02
          985      210.049
          986      210.078
          987      210.107
          988      210.135
          989      210.164
          990      210.193
          991      210.221
          992      210.249
          993      210.278
          994      210.306
          995      210.334
          996      210.362
          997       210.39
          998      210.418
          999      210.445
         1000      210.473
         1001      210.501
         1002      210.528
         1003      210.556
         1004      210.583
         1005       210.61
         1006      210.637
         1007      210.664
         1008      210.691
         1009      210.718
         1010      210.745
         1011      210.772
         1012      210.799
         1013      210.825
         1014      210.852
         1015      210.878
         1016      210.905
         1017      210.931
         1018      210.957
         1019      210.983
         1020      211.009
         1021      211.035
         1022      211.061
         1023      211.087
         1024      211.113
         1025      211.138
         1026      211.164
         1027       211.19
         1028      211.215
         1029       211.24
         1030      211.266
         1031      211.291
         1032      211.316
         1033      211.341
         1034      211.366
         1035      211.391
         1036      211.415
         1037       211.44
         1038      211.465
         1039      211.489
         1040      211.514
         1041      211.538
         1042      211.563
         1043      211.587
         1044      211.611
         1045      211.635
         1046      211.659
         1047      211.683
         1048      211.707
         1049      211.731
         1050      211.755
         1051      211.778
         1052      211.802
         1053      211.826
         1054      211.849
         1055      211.872
         1056      211.896
         1057      211.919
         1058      211.942
         1059      211.965
         1060      211.988
         1061      212.011
         1062      212.034
         1063      212.057
         1064       212.08
         1065      212.102
         1066      212.125
         1067      212.147
         1068       212.17
         1069      212.192
         1070      212.214
         1071      212.237
         1072      212.259
         1073      212.281
         1074      212.303
         1075      212.325
         1076      212.347
         1077      212.369
         1078       212.39
         1079      212.412
         1080      212.434
         1081      212.455
         1082      212.477
         1083      212.498
         1084      212.519
         1085      212.541
         1086      212.562
         1087      212.583
         1088      212.604
         1089      212.625
         1090      212.646
         1091      212.667
         1092      212.687
         1093      212.708
         1094      212.729
         1095      212.749
         1096       212.77
         1097       212.79
         1098      212.811
         1099      212.831
         1100      212.851
         1101      212.871
         1102      212.891
         1103      212.912
         1104      212.932
         1105      212.951
         1106      212.971
         1107      212.991
         1108      213.011
         1109       213.03
         1110       213.05
         1111       213.07
         1112      213.089
         1113      213.108
         1114      213.128
         1115      213.147
         1116      213.166
         1117      213.185
         1118      213.205
         1119      213.224
         1120      213.242
         1121      213.261
         1122       213.28
         1123      213.299
         1124      213.318
         1125      213.336
         1126      213.355
         1127      213.373
         1128      213.392
         1129       213.41
         1130      213.429
         1131      213.447
         1132      213.465
         1133      213.483
         1134      213.501
         1135      213.519
         1136      213.537
         1137      213.555
         1138      213.573
         1139      213.591
         1140      213.609
         1141      213.626
         1142      213.644
         1143      213.662
         1144      213.679
         1145      213.696
         1146      213.714
         1147      213.731
         1148      213.748
         1149      213.766
         1150      213.783
         1151        213.8
         1152      213.817
         1153      213.834
         1154      213.851
         1155      213.868
         1156      213.884
         1157      213.901
         1158      213.918
         1159      213.935
         1160      213.951
         1161      213.968
         1162      213.984
         1163      214.001
         1164      214.017
         1165      214.033
         1166      214.049
         1167      214.066
         1168      214.082
         1169      214.098
         1170      214.114
         1171       214.13
         1172      214.146
         1173      214.162
         1174      214.177
         1175      214.193
         1176      214.209
         1177      214.224
         1178       214.24
         1179      214.256
         1180      214.271
         1181      214.287
         1182      214.302
         1183      214.317
         1184      214.332
         1185      214.348
         1186      214.363
         1187      214.378
         1188      214.393
         1189      214.408
         1190      214.423
         1191      214.438
         1192      214.453
         1193      214.468
         1194      214.482
         1195      214.497
         1196      214.512
         1197      214.526
         1198      214.541
         1199      214.555
         1200       214.57
         1201      214.584
         1202      214.599
         1203      214.613
         1204      214.627
         1205      214.641
         1206      214.656
         1207       214.67
         1208      214.684
         1209      214.698
         1210      214.712
         1211      214.726
         1212       214.74
         1213      214.753
         1214      214.767
         1215      214.781
         1216      214.795
         1217      214.808
         1218      214.822
         1219      214.835
         1220      214.849
         1221      214.862
         1222      214.876
         1223      214.889
         1224      214.902
         1225      214.916
         1226      214.929
         1227      214.942
         1228      214.955
         1229      214.968
         1230      214.981
         1231      214.994
         1232      215.007
         1233       215.02
         1234      215.033
         1235      215.046
         1236      215.059
         1237      215.071
         1238      215.084
         1239      215.097
         1240      215.109
         1241      215.122
         1242      215.134
         1243      215.147
         1244      215.159
         1245      215.172
         1246      215.184
         1247      215.196
         1248      215.208
         1249      215.221
         1250      215.233
         1251      215.245
         1252      215.257
         1253      215.269
         1254      215.281
         1255      215.293
         1256      215.305
         1257      215.317
         1258      215.329
         1259       215.34
         1260      215.352
         1261      215.364
         1262      215.376
         1263      215.387
         1264      215.399
         1265       215.41
         1266      215.422
         1267      215.433
         1268      215.445
         1269      215.456
         1270      215.467
         1271      215.479
         1272       215.49
         1273      215.501
         1274      215.512
         1275      215.524
         1276      215.535
         1277      215.546
         1278      215.557
         1279      215.568
         1280      215.579
         1281       215.59
         1282      215.601
         1283      215.611
         1284      215.622
         1285      215.633
         1286      215.644
         1287      215.654
         1288      215.665
         1289      215.676
         1290      215.686
         1291      215.697
         1292      215.707
         1293      215.718
         1294      215.728
         1295      215.739
         1296      215.749
         1297      215.759
         1298      215.769
         1299       215.78
         1300       215.79
         1301        215.8
         1302       215.81
         1303       215.82
         1304       215.83
         1305       215.84
         1306       215.85
         1307       215.86
         1308       215.87
         1309       215.88
         1310       215.89
         1311        215.9
         1312       215.91
         1313      215.919
         1314      215.929
         1315      215.939
         1316      215.948
         1317      215.958
         1318      215.968
         1319      215.977
         1320      215.987
         1321      215.996
         1322      216.006
         1323      216.015
         1324      216.024
         1325      216.034
         1326      216.043
         1327      216.052
         1328      216.061
         1329      216.071
         1330       216.08
         1331      216.089
         1332      216.098
         1333      216.107
         1334      216.116
         1335      216.125
         1336      216.134
         1337      216.143
         1338      216.152
         1339      216.161
         1340       216.17
         1341      216.179
         1342      216.187
         1343      216.196
         1344      216.205
         1345      216.213
         1346      216.222
         1347      216.231
         1348      216.239
         1349      216.248
         1350      216.256
         1351      216.265
         1352      216.273
         1353      216.282
         1354       216.29
         1355      216.299
         1356      216.307
         1357      216.315
         1358      216.324
         1359      216.332
         1360       216.34
         1361      216.348
         1362      216.356
         1363      216.365
         1364      216.373
         1365      216.381
         1366      216.389
         1367      216.397
         1368      216.405
         1369      216.413
         1370      216.421
         1371      216.429
         1372      216.436
         1373      216.444
         1374      216.452
         1375       216.46
         1376      216.468
         1377      216.475
         1378      216.483
         1379      216.491
         1380      216.498
         1381      216.506
         1382      216.514
         1383      216.521
         1384      216.529
         1385      216.536
         1386      216.544
         1387      216.551
         1388      216.558
         1389      216.566
         1390      216.573
         1391      216.581
         1392      216.588
         1393      216.595
         1394      216.602
         1395       216.61
         1396      216.617
         1397      216.624
         1398      216.631
         1399      216.638
         1400      216.645
         1401      216.653
         1402       216.66
         1403      216.667
         1404      216.674
         1405      216.681
         1406      216.688
         1407      216.694
         1408      216.701
         1409      216.708
         1410      216.715
         1411      216.722
         1412      216.729
         1413      216.736
         1414      216.742
         1415      216.749
         1416      216.756
         1417      216.762
         1418      216.769
         1419      216.776
         1420      216.782
         1421      216.789
         1422      216.795
         1423      216.802
         1424      216.808
         1425      216.815
         1426      216.821
         1427      216.828
         1428      216.834
         1429      216.841
         1430      216.847
         1431      216.853
         1432       216.86
         1433      216.866
         1434      216.872
         1435      216.879
         1436      216.885
         1437      216.891
         1438      216.897
         1439      216.903
         1440      216.909
         1441      216.916
         1442      216.922
         1443      216.928
         1444      216.934
         1445       216.94
         1446      216.946
         1447      216.952
         1448      216.958
         1449      216.964
         1450       216.97
         1451      216.976
         1452      216.981
         1453      216.987
         1454      216.993
         1455      216.999
         1456      217.005
         1457      217.011
         1458      217.016
         1459      217.022
         1460      217.028
         1461      217.033
         1462      217.039
         1463      217.045
         1464       217.05
         1465      217.056
         1466      217.062
         1467      217.067
         1468      217.073
         1469      217.078
         1470      217.084
         1471      217.089
         1472      217.095
         1473        217.1
         1474      217.106
         1475      217.111
         1476      217.116
         1477      217.122
         1478      217.127
         1479      217.132
         1480      217.138
         1481      217.143
         1482      217.148
         1483      217.154
         1484      217.159
         1485      217.164
         1486      217.169
         1487      217.174
         1488      217.179
         1489      217.185
         1490       217.19
         1491      217.195
         1492        217.2
         1493      217.205
         1494       217.21
         1495      217.215
         1496       217.22
         1497      217.225
         1498       217.23
         1499      217.235
         1500       217.24
         1501      217.245
         1502       217.25
         1503      217.255
         1504      217.259
         1505      217.264
         1506      217.269
         1507      217.274
         1508      217.279
         1509      217.283
         1510      217.288
         1511      217.293
         1512      217.298
         1513      217.302
         1514      217.307
         1515      217.312
         1516      217.316
         1517      217.321
         1518      217.325
         1519       217.33
         1520      217.335
         1521      217.339
         1522      217.344
         1523      217.348
         1524      217.353
         1525      217.357
         1526      217.362
         1527      217.366
         1528       217.37
         1529      217.375
         1530      217.379
         1531      217.384
         1532      217.388
         1533      217.392
         1534      217.397
         1535      217.401
         1536      217.405
         1537       217.41
         1538      217.414
         1539      217.418
         1540      217.422
         1541      217.427
         1542      217.431
         1543      217.435
         1544      217.439
         1545      217.443
         1546      217.447
         1547      217.452
         1548      217.456
         1549       217.46
         1550      217.464
         1551      217.468
         1552      217.472
         1553      217.476
         1554       217.48
         1555      217.484
         1556      217.488
         1557      217.492
         1558      217.496
         1559        217.5
         1560      217.504
         1561      217.508
         1562      217.512
         1563      217.516
         1564      217.519
         1565      217.523
         1566      217.527
         1567      217.531
         1568      217.535
         1569      217.539
         1570      217.542
         1571      217.546
         1572       217.55
         1573      217.554
         1574      217.557
         1575      217.561
         1576      217.565
         1577      217.568
         1578      217.572
         1579      217.576
         1580      217.579
         1581      217.583
         1582      217.587
         1583       217.59
         1584      217.594
         1585      217.597
         1586      217.601
         1587      217.604
         1588      217.608
         1589      217.612
         1590      217.615
         1591      217.619
         1592      217.622
         1593      217.626
         1594      217.629
         1595      217.632
         1596      217.636
         1597      217.639
         1598      217.643
         1599      217.646
         1600      217.649
         1601      217.653
         1602      217.656
         1603       217.66
         1604      217.663
         1605      217.666
         1606      217.669
         1607      217.673
         1608      217.676
         1609      217.679
         1610      217.683
         1611      217.686
         1612      217.689
         1613      217.692
         1614      217.695
         1615      217.699
         1616      217.702
         1617      217.705
         1618      217.708
         1619      217.711
         1620      217.714
         1621      217.718
         1622      217.721
         1623      217.724
         1624      217.727
         1625       217.73
         1626      217.733
         1627      217.736
         1628      217.739
         1629      217.742
         1630      217.745
         1631      217.748
         1632      217.751
         1633      217.754
         1634      217.757
         1635       217.76
         1636      217.763
         1637      217.766
         1638      217.769
         1639      217.772
         1640      217.775
         1641      217.778
         1642      217.781
         1643      217.783
         1644      217.786
         1645      217.789
         1646      217.792
         1647      217.795
         1648      217.798
         1649        217.8
         1650      217.803
         1651      217.806
         1652      217.809
         1653      217.812
         1654      217.814
         1655      217.817
         1656       217.82
         1657      217.823
         1658      217.825
         1659      217.828
         1660      217.831
         1661      217.833
         1662      217.836
         1663      217.839
         1664      217.841
         1665      217.844
         1666      217.847
         1667      217.849
         1668      217.852
         1669      217.855
         1670      217.857
         1671       217.86
         1672      217.862
         1673      217.865
         1674      217.867
         1675       217.87
         1676      217.873
         1677      217.875
         1678      217.878
         1679       217.88
         1680      217.883
         1681      217.885
         1682      217.888
         1683       217.89
         1684      217.893
         1685      217.895
         1686      217.897
         1687        217.9
         1688      217.902
         1689      217.905
         1690      217.907
         1691       217.91
         1692      217.912
         1693      217.914
         1694      217.917
         1695      217.919
         1696      217.921
         1697      217.924
         1698      217.926
         1699      217.928
         1700      217.931
         1701      217.933
         1702      217.935
         1703      217.938
         1704       217.94
         1705      217.942
         1706      217.945
         1707      217.947
         1708      217.949
         1709      217.951
         1710      217.954
         1711      217.956
         1712      217.958
         1713       217.96
         1714      217.962
         1715      217.965
         1716      217.967
         1717      217.969
         1718      217.971
         1719      217.973
         1720      217.975
         1721      217.978
         1722       217.98
         1723      217.982
         1724      217.984
         1725      217.986
         1726      217.988
         1727       217.99
         1728      217.992
         1729      217.994
         1730      217.996
         1731      217.999
         1732      218.001
         1733      218.003
         1734      218.005
         1735      218.007
         1736      218.009
         1737      218.011
         1738      218.013
         1739      218.015
         1740      218.017
         1741      218.019
         1742      218.021
         1743      218.023
         1744      218.025
         1745      218.027
         1746      218.029
         1747       218.03
         1748      218.032
         1749      218.034
         1750      218.036
         1751      218.038
         1752       218.04
         1753      218.042
         1754      218.044
         1755      218.046
         1756      218.048
         1757      218.049
         1758      218.051
         1759      218.053
         1760      218.055
         1761      218.057
         1762      218.059
         1763      218.061
         1764      218.062
         1765      218.064
         1766      218.066
         1767      218.068
         1768       218.07
         1769      218.071
         1770      218.073
         1771      218.075
         1772      218.077
         1773      218.078
         1774       218.08
         1775      218.082
         1776      218.084
         1777      218.085
         1778      218.087
         1779      218.089
         1780       218.09
         1781      218.092
         1782      218.094
         1783      218.096
         1784      218.097
         1785      218.099
         1786      218.101
         1787      218.102
         1788      218.104
         1789      218.106
         1790      218.107
         1791      218.109
         1792      218.111
         1793      218.112
         1794      218.114
         1795      218.115
         1796      218.117
         1797      218.119
         1798       218.12
         1799      218.122
         1800      218.123
         1801      218.125
         1802      218.126
         1803      218.128
         1804       218.13
         1805      218.131
         1806      218.133
         1807      218.134
         1808      218.136
         1809      218.137
         1810      218.139
         1811       218.14
         1812      218.142
         1813      218.143
         1814      218.145
         1815      218.146
         1816      218.148
         1817      218.149
         1818      218.151
         1819      218.152
         1820      218.154
         1821      218.155
         1822      218.157
         1823      218.158
         1824       218.16
         1825      218.161
         1826      218.162
         1827      218.164
         1828      218.165
         1829      218.167
         1830      218.168
         1831       218.17
         1832      218.171
         1833      218.172
         1834      218.174
         1835      218.175
         1836      218.176
         1837      218.178
         1838      218.179
         1839      218.181
         1840      218.182
         1841      218.183
         1842      218.185
         1843      218.186
         1844      218.187
         1845      218.189
         1846       218.19
         1847      218.191
         1848      218.193
         1849      218.194
         1850      218.195
         1851      218.196
         1852      218.198
         1853      218.199
         1854        218.2
         1855      218.202
         1856      218.203
         1857      218.204
         1858      218.205
         1859      218.207
         1860      218.208
         1861      218.209
         1862       218.21
         1863      218.212
         1864      218.213
         1865      218.214
         1866      218.215
         1867      218.217
         1868      218.218
         1869      218.219
         1870       218.22
         1871      218.221
         1872      218.223
         1873      218.224
         1874      218.225
         1875      218.226
         1876      218.227
         1877      218.229
         1878       218.23
         1879      218.231
         1880      218.232
         1881      218.233
         1882      218.234
         1883      218.236
         1884      218.237
         1885      218.238
         1886      218.239
         1887       218.24
         1888      218.241
         1889      218.242
         1890      218.243
         1891      218.245
         1892      218.246
         1893      218.247
         1894      218.248
         1895      218.249
         1896       218.25
         1897      218.251
         1898      218.252
         1899      218.253
         1900      218.254
         1901      218.256
         1902      218.257
         1903      218.258
         1904      218.259
         1905       218.26
         1906      218.261
         1907      218.262
         1908      218.263
         1909      218.264
         1910      218.265
         1911      218.266
         1912      218.267
         1913      218.268
         1914      218.269
         1915       218.27
         1916      218.271
         1917      218.272
         1918      218.273
         1919      218.274
         1920      218.275
         1921      218.276
         1922      218.277
         1923      218.278
         1924      218.279
         1925       218.28
         1926      218.281
         1927      218.282
         1928      218.283
         1929      218.284
         1930      218.285
         1931      218.286
         1932      218.287
         1933      218.288
         1934      218.289
         1935       218.29
         1936      218.291
         1937      218.292
         1938      218.292
         1939      218.293
         1940      218.294
         1941      218.295
         1942      218.296
         1943      218.297
         1944      218.298
         1945      218.299
         1946        218.3
         1947      218.301
         1948      218.302
         1949      218.303
         1950      218.303
         1951      218.304
         1952      218.305
         1953      218.306
         1954      218.307
         1955      218.308
         1956      218.309
         1957       218.31
         1958       218.31
         1959      218.311
         1960      218.312
         1961      218.313
         1962      218.314
         1963      218.315
         1964      218.316
         1965      218.316
         1966      218.317
         1967      218.318
         1968      218.319
         1969       218.32
         1970      218.321
         1971      218.321
         1972      218.322
         1973      218.323
         1974      218.324
         1975      218.325
         1976      218.325
         1977      218.326
         1978      218.327
         1979      218.328
         1980      218.329
         1981      218.329
         1982       218.33
         1983      218.331
         1984      218.332
         1985      218.333
         1986      218.333
         1987      218.334
         1988      218.335
         1989      218.336
         1990      218.336
         1991      218.337
         1992      218.338
         1993      218.339
         1994      218.339
         1995       218.34
         1996      218.341
         1997      218.342
         1998      218.342
         1999      218.343
         2000      218.344
         2001      218.345
         2002      218.345
         2003      218.346
         2004      218.347
         2005      218.347
         2006      218.348
         2007      218.349
         2008       218.35
         2009       218.35
         2010      218.351
         2011      218.352
         2012      218.352
         2013      218.353
         2014      218.354
         2015      218.355
         2016      218.355
         2017      218.356
         2018      218.357
         2019      218.357
         2020      218.358
         2021      218.359
         2022      218.359
         2023       218.36
         2024      218.361
         2025      218.361
         2026      218.362
         2027      218.363
         2028      218.363
         2029      218.364
         2030      218.365
         2031      218.365
         2032      218.366
         2033      218.367
         2034      218.367
         2035      218.368
         2036      218.369
         2037      218.369
         2038       218.37
         2039       218.37
         2040      218.371
         2041      218.372
         2042      218.372
         2043      218.373
         2044      218.374
         2045      218.374
         2046      218.375
         2047      218.375
         2048      218.376
         2049      218.377
         2050      218.377
         2051      218.378
         2052      218.378
         2053      218.379
         2054       218.38
         2055       218.38
         2056      218.381
         2057      218.381
         2058      218.382
         2059      218.383
         2060      218.383
         2061      218.384
         2062      218.384
         2063      218.385
         2064      218.386
         2065      218.386
         2066      218.387
         2067      218.387
         2068      218.388
         2069      218.388
         2070      218.389
         2071       218.39
         2072       218.39
         2073      218.391
         2074      218.391
         2075      218.392
         2076      218.392
         2077      218.393
         2078      218.393
         2079      218.394
         2080      218.395
         2081      218.395
         2082      218.396
         2083      218.396
         2084      218.397
         2085      218.397
         2086      218.398
         2087      218.398
         2088      218.399
         2089      218.399
         2090        218.4
         2091        218.4
         2092      218.401
         2093      218.401
         2094      218.402
         2095      218.403
         2096      218.403
         2097      218.404
         2098      218.404
         2099      218.405
         2100      218.405
         2101      218.406
         2102      218.406
         2103      218.407
         2104      218.407
         2105      218.408
         2106      218.408
         2107      218.409
         2108      218.409
         2109       218.41
         2110       218.41
         2111       218.41
         2112      218.411
         2113      218.411
         2114      218.412
         2115      218.412
         2116      218.413
         2117      218.413
         2118      218.414
         2119      218.414
         2120      218.415
         2121      218.415
         2122      218.416
         2123      218.416
         2124      218.417
         2125      218.417
         2126      218.417
         2127      218.418
         2128      218.418
         2129      218.419
         2130      218.419
         2131       218.42
         2132       218.42
         2133      218.421
         2134      218.421
         2135      218.422
         2136      218.422
         2137      218.422
         2138      218.423
         2139      218.423
         2140      218.424
         2141      218.424
         2142      218.425
         2143      218.425
         2144      218.425
         2145      218.426
         2146      218.426
         2147      218.427
         2148      218.427
         2149      218.427
         2150      218.428
         2151      218.428
         2152      218.429
         2153      218.429
         2154      218.429
         2155       218.43
         2156       218.43
         2157      218.431
         2158      218.431
         2159      218.432
         2160      218.432
         2161      218.432
         2162      218.433
         2163      218.433
         2164      218.433
         2165      218.434
         2166      218.434
         2167      218.435
         2168      218.435
         2169      218.435
         2170      218.436
         2171      218.436
         2172      218.437
         2173      218.437
         2174      218.437
         2175      218.438
         2176      218.438
         2177      218.438
         2178      218.439
         2179      218.439
         2180       218.44
         2181       218.44
         2182       218.44
         2183      218.441
         2184      218.441
         2185      218.441
         2186      218.442
         2187      218.442
         2188      218.442
         2189      218.443
         2190      218.443
         2191      218.444
         2192      218.444
         2193      218.444
         2194      218.445
         2195      218.445
         2196      218.445
         2197      218.446
         2198      218.446
         2199      218.446
         2200      218.447
         2201      218.447
         2202      218.447
         2203      218.448
         2204      218.448
         2205      218.448
         2206      218.449
         2207      218.449
         2208      218.449
         2209       218.45
         2210       218.45
         2211       218.45
         2212      218.451
         2213      218.451
         2214      218.451
         2215      218.452
         2216      218.452
         2217      218.452
         2218      218.453
         2219      218.453
         2220      218.453
         2221      218.454
         2222      218.454
         2223      218.454
         2224      218.455
         2225      218.455
         2226      218.455
         2227      218.456
         2228      218.456
         2229      218.456
         2230      218.456
         2231      218.457
         2232      218.457
         2233      218.457
         2234      218.458
         2235      218.458
         2236      218.458
         2237      218.459
         2238      218.459
         2239      218.459
         2240      218.459
         2241       218.46
         2242       218.46
         2243       218.46
         2244      218.461
         2245      218.461
         2246      218.461
         2247      218.461
         2248      218.462
         2249      218.462
         2250      218.462
         2251      218.463
         2252      218.463
         2253      218.463
         2254      218.463
         2255      218.464
         2256      218.464
         2257      218.464
         2258      218.464
         2259      218.465
         2260      218.465
         2261      218.465
         2262      218.465
         2263      218.466
         2264      218.466
         2265      218.466
         2266      218.467
         2267      218.467
         2268      218.467
         2269      218.467
         2270      218.468
         2271      218.468
         2272      218.468
         2273      218.468
         2274      218.469
         2275      218.469
         2276      218.469
         2277      218.469
         2278       218.47
         2279       218.47
         2280       218.47
         2281       218.47
         2282       218.47
         2283      218.471
         2284      218.471
         2285      218.471
         2286      218.471
         2287      218.472
         2288      218.472
         2289      218.472
         2290      218.472
         2291      218.473
         2292      218.473
         2293      218.473
         2294      218.473
         2295      218.474
         2296      218.474
         2297      218.474
         2298      218.474
         2299      218.474
         2300      218.475
         2301      218.475
         2302      218.475
         2303      218.475
         2304      218.476
         2305      218.476
         2306      218.476
         2307      218.476
         2308      218.476
         2309      218.477
         2310      218.477
         2311      218.477
         2312      218.477
         2313      218.477
         2314      218.478
         2315      218.478
         2316      218.478
         2317      218.478
         2318      218.479
         2319      218.479
         2320      218.479
         2321      218.479
         2322      218.479
         2323       218.48
         2324       218.48
         2325       218.48
         2326       218.48
         2327       218.48
         2328      218.481
         2329      218.481
         2330      218.481
         2331      218.481
         2332      218.481
         2333      218.482
         2334      218.482
         2335      218.482
         2336      218.482
         2337      218.482
         2338      218.482
         2339      218.483
         2340      218.483
         2341      218.483
         2342      218.483
         2343      218.483
         2344      218.484
         2345      218.484
         2346      218.484
         2347      218.484
         2348      218.484
         2349      218.485
         2350      218.485
         2351      218.485
         2352      218.485
         2353      218.485
         2354      218.485
         2355      218.486
         2356      218.486
         2357      218.486
         2358      218.486
         2359      218.486
         2360      218.486
         2361      218.487
         2362      218.487
         2363      218.487
         2364      218.487
         2365      218.487
         2366      218.487
         2367      218.488
         2368      218.488
         2369      218.488
         2370      218.488
         2371      218.488
         2372      218.489
         2373      218.489
         2374      218.489
         2375      218.489
         2376      218.489
         2377      218.489
         2378       218.49
         2379       218.49
         2380       218.49
         2381       218.49
         2382       218.49
         2383       218.49
         2384       218.49
         2385      218.491
         2386      218.491
         2387      218.491
         2388      218.491
         2389      218.491
         2390      218.491
         2391      218.492
         2392      218.492
         2393      218.492
         2394      218.492
         2395      218.492
         2396      218.492
         2397      218.493
         2398      218.493
         2399      218.493
         2400      218.493
         2401      218.493
         2402      218.493
         2403      218.493
         2404      218.494
         2405      218.494
         2406      218.494
         2407      218.494
         2408      218.494
         2409      218.494
         2410      218.494
         2411      218.495
         2412      218.495
         2413      218.495
         2414      218.495
         2415      218.495
         2416      218.495
         2417      218.495
         2418      218.496
         2419      218.496
         2420      218.496
         2421      218.496
         2422      218.496
         2423      218.496
         2424      218.496
         2425      218.497
         2426      218.497
         2427      218.497
         2428      218.497
         2429      218.497
         2430      218.497
         2431      218.497
         2432      218.497
         2433      218.498
         2434      218.498
         2435      218.498
         2436      218.498
         2437      218.498
         2438      218.498
         2439      218.498
         2440      218.499
         2441      218.499
         2442      218.499
         2443      218.499
         2444      218.499
         2445      218.499
         2446      218.499
         2447      218.499
         2448        218.5
         2449        218.5
         2450        218.5
         2451        218.5
         2452        218.5
         2453        218.5
         2454        218.5
         2455        218.5
         2456        218.5
         2457      218.501
         2458      218.501
         2459      218.501
         2460      218.501
         2461      218.501
         2462      218.501
         2463      218.501
         2464      218.501
         2465      218.502
         2466      218.502
         2467      218.502
         2468      218.502
         2469      218.502
         2470      218.502
         2471      218.502
         2472      218.502
         2473      218.502
         2474      218.503
         2475      218.503
         2476      218.503
         2477      218.503
         2478      218.503
         2479      218.503
         2480      218.503
         2481      218.503
         2482      218.503
         2483      218.503
         2484      218.504
         2485      218.504
         2486      218.504
         2487      218.504
         2488      218.504
         2489      218.504
         2490      218.504
         2491      218.504
         2492      218.504
         2493      218.504
         2494      218.505
         2495      218.505
         2496      218.505
         2497      218.505
         2498      218.505
         2499      218.505
         2500      218.505
         2501      218.505
         2502      218.505
         2503      218.505
         2504      218.506
         2505      218.506
         2506      218.506
         2507      218.506
         2508      218.506
         2509      218.506
         2510      218.506
         2511      218.506
         2512      218.506
         2513      218.506
         2514      218.506
         2515      218.507
         2516      218.507
         2517      218.507
         2518      218.507
         2519      218.507
         2520      218.507
         2521      218.507
         2522      218.507
         2523      218.507
         2524      218.507
         2525      218.507
         2526      218.507
         2527      218.508
         2528      218.508
         2529      218.508
         2530      218.508
         2531      218.508
         2532      218.508
         2533      218.508
         2534      218.508
         2535      218.508
         2536      218.508
         2537      218.508
         2538      218.508
         2539      218.509
         2540      218.509
         2541      218.509
         2542      218.509
         2543      218.509
         2544      218.509
         2545      218.509
         2546      218.509
         2547      218.509
         2548      218.509
         2549      218.509
         2550      218.509
         2551       218.51
         2552       218.51
         2553       218.51
         2554       218.51
         2555       218.51
         2556       218.51
         2557       218.51
         2558       218.51
         2559       218.51
         2560       218.51
         2561       218.51
         2562       218.51
         2563       218.51
         2564      218.511
         2565      218.511
         2566      218.511
         2567      218.511
         2568      218.511
         2569      218.511
         2570      218.511
         2571      218.511
         2572      218.511
         2573      218.511
         2574      218.511
         2575      218.511
         2576      218.511
         2577      218.511
         2578      218.512
         2579      218.512
         2580      218.512
         2581      218.512
         2582      218.512
         2583      218.512
         2584      218.512
         2585      218.512
         2586      218.512
         2587      218.512
         2588      218.512
         2589      218.512
         2590      218.512
         2591      218.512
         2592      218.512
         2593      218.513
         2594      218.513
         2595      218.513
         2596      218.513
         2597      218.513
         2598      218.513
         2599      218.513
         2600      218.513
         2601      218.513
         2602      218.513
         2603      218.513
         2604      218.513
         2605      218.513
         2606      218.513
         2607      218.513
         2608      218.514
         2609      218.514
         2610      218.514
         2611      218.514
         2612      218.514
         2613      218.514
         2614      218.514
         2615      218.514
         2616      218.514
         2617      218.514
         2618      218.514
         2619      218.514
         2620      218.514
         2621      218.514
         2622      218.514
         2623      218.514
         2624      218.514
         2625      218.515
         2626      218.515
         2627      218.515
         2628      218.515
         2629      218.515
         2630      218.515
         2631      218.515
         2632      218.515
         2633      218.515
         2634      218.515
         2635      218.515
         2636      218.515
         2637      218.515
         2638      218.515
         2639      218.515
         2640      218.515
         2641      218.515
         2642      218.515
         2643      218.516
         2644      218.516
         2645      218.516
         2646      218.516
         2647      218.516
         2648      218.516
         2649      218.516
         2650      218.516
         2651      218.516
         2652      218.516
         2653      218.516
         2654      218.516
         2655      218.516
         2656      218.516
         2657      218.516
         2658      218.516
         2659      218.516
         2660      218.516
         2661      218.516
         2662      218.517
         2663      218.517
         2664      218.517
         2665      218.517
         2666      218.517
         2667      218.517
         2668      218.517
         2669      218.517
         2670      218.517
         2671      218.517
         2672      218.517
         2673      218.517
         2674      218.517
         2675      218.517
         2676      218.517
         2677      218.517
         2678      218.517
         2679      218.517
         2680      218.517
         2681      218.517
         2682      218.517
         2683      218.518
         2684      218.518
         2685      218.518
         2686      218.518
         2687      218.518
         2688      218.518
         2689      218.518
         2690      218.518
         2691      218.518
         2692      218.518
         2693      218.518
         2694      218.518
         2695      218.518
         2696      218.518
         2697      218.518
         2698      218.518
         2699      218.518
         2700      218.518
         2701      218.518
         2702      218.518
         2703      218.518
         2704      218.518
         2705      218.518
         2706      218.519
         2707      218.519
         2708      218.519
         2709      218.519
         2710      218.519
         2711      218.519
         2712      218.519
         2713      218.519
         2714      218.519
         2715      218.519
         2716      218.519
         2717      218.519
         2718      218.519
         2719      218.519
         2720      218.519
         2721      218.519
         2722      218.519
         2723      218.519
         2724      218.519
         2725      218.519
         2726      218.519
         2727      218.519
         2728      218.519
         2729      218.519
         2730      218.519
         2731       218.52
         2732       218.52
         2733       218.52
         2734       218.52
         2735       218.52
         2736       218.52
         2737       218.52
         2738       218.52
         2739       218.52
         2740       218.52
         2741       218.52
         2742       218.52
         2743       218.52
         2744       218.52
         2745       218.52
         2746       218.52
         2747       218.52
         2748       218.52
         2749       218.52
         2750       218.52
         2751       218.52
         2752       218.52
         2753       218.52
         2754       218.52
         2755       218.52
         2756       218.52
         2757       218.52
         2758       218.52
         2759      218.521
         2760      218.521
         2761      218.521
         2762      218.521
         2763      218.521
         2764      218.521
         2765      218.521
         2766      218.521
         2767      218.521
         2768      218.521
         2769      218.521
         2770      218.521
         2771      218.521
         2772      218.521
         2773      218.521
         2774      218.521
         2775      218.521
         2776      218.521
         2777      218.521
         2778      218.521
         2779      218.521
         2780      218.521
         2781      218.521
         2782      218.521
         2783      218.521
         2784      218.521
         2785      218.521
         2786      218.521
         2787      218.521
         2788      218.521
         2789      218.521
         2790      218.522
         2791      218.522
         2792      218.522
         2793      218.522
         2794      218.522
         2795      218.522
         2796      218.522
         2797      218.522
         2798      218.522
         2799      218.522
         2800      218.522
         2801      218.522
         2802      218.522
         2803      218.522
         2804      218.522
         2805      218.522
         2806      218.522
         2807      218.522
         2808      218.522
         2809      218.522
         2810      218.522
         2811      218.522
         2812      218.522
         2813      218.522
         2814      218.522
         2815      218.522
         2816      218.522
         2817      218.522
         2818      218.522
         2819      218.522
         2820      218.522
         2821      218.522
         2822      218.522
         2823      218.522
         2824      218.522
         2825      218.523
         2826      218.523
         2827      218.523
         2828      218.523
         2829      218.523
         2830      218.523
         2831      218.523
         2832      218.523
         2833      218.523
         2834      218.523
         2835      218.523
         2836      218.523
         2837      218.523
         2838      218.523
         2839      218.523
         2840      218.523
         2841      218.523
         2842      218.523
         2843      218.523
         2844      218.523
         2845      218.523
         2846      218.523
         2847      218.523
         2848      218.523
         2849      218.523
         2850      218.523
         2851      218.523
         2852      218.523
         2853      218.523
         2854      218.523
         2855      218.523
         2856      218.523
         2857      218.523
         2858      218.523
         2859      218.523
         2860      218.523
         2861      218.523
         2862      218.523
         2863      218.523
         2864      218.523
         2865      218.523
         2866      218.523
         2867      218.524
         2868      218.524
         2869      218.524
         2870      218.524
         2871      218.524
         2872      218.524
         2873      218.524
         2874      218.524
         2875      218.524
         2876      218.524
         2877      218.524
         2878      218.524
         2879      218.524
         2880      218.524
         2881      218.524
         2882      218.524
         2883      218.524
         2884      218.524
         2885      218.524
         2886      218.524
         2887      218.524
         2888      218.524
         2889      218.524
         2890      218.524
         2891      218.524
         2892      218.524
         2893      218.524
         2894      218.524
         2895      218.524
         2896      218.524
         2897      218.524
         2898      218.524
         2899      218.524
         2900      218.524
         2901      218.524
         2902      218.524
         2903      218.524
         2904      218.524
         2905      218.524
         2906      218.524
         2907      218.524
         2908      218.524
         2909      218.524
         2910      218.524
         2911      218.524
         2912      218.524
         2913      218.524
         2914      218.524
         2915      218.524
         2916      218.524
         2917      218.525
         2918      218.525
         2919      218.525
         2920      218.525
         2921      218.525
         2922      218.525
         2923      218.525
         2924      218.525
         2925      218.525
         2926      218.525
         2927      218.525
         2928      218.525
         2929      218.525
         2930      218.525
         2931      218.525
         2932      218.525
         2933      218.525
         2934      218.525
         2935      218.525
         2936      218.525
         2937      218.525
         2938      218.525
         2939      218.525
         2940      218.525
         2941      218.525
         2942      218.525
         2943      218.525
         2944      218.525
         2945      218.525
         2946      218.525
         2947      218.525
         2948      218.525
         2949      218.525
         2950      218.525
         2951      218.525
         2952      218.525
         2953      218.525
         2954      218.525
         2955      218.525
         2956      218.525
         2957      218.525
         2958      218.525
         2959      218.525
         2960      218.525
         2961      218.525
         2962      218.525
         2963      218.525
         2964      218.525
         2965      218.525
         2966      218.525
         2967      218.525
         2968      218.525
         2969      218.525
         2970      218.525
         2971      218.525
         2972      218.525
         2973      218.525
         2974      218.525
         2975      218.525
         2976      218.525
         2977      218.525
         2978      218.525
         2979      218.526
         2980      218.526
         2981      218.526
         2982      218.526
         2983      218.526
         2984      218.526
         2985      218.526
         2986      218.526
         2987      218.526
         2988      218.526
         2989      218.526
         2990      218.526
         2991      218.526
         2992      218.526
         2993      218.526
         2994      218.526
         2995      218.526
         2996      218.526
         2997      218.526
         2998      218.526
         2999      218.526
         3000      218.526
