/*--------------------------------*- C++ -*----------------------------------*\
| =========                 |                                                 |
| \\      /  F ield         | OpenFOAM: The Open Source CFD Toolbox           |
|  \\    /   O peration     | Version:  2.3.1                                 |
|   \\  /    A nd           | Web:      www.OpenFOAM.org                      |
|    \\/     M anipulation  |                                                 |
\*---------------------------------------------------------------------------*/
FoamFile
{
    version     2.0;
    format      ascii;
    class       volScalarField;
    location    "0";
    object      myWallHeatFlux;
}
// * * * * * * * * * * * * * * * * * * * * * * * * * * * * * * * * * * * * * //

dimensions      [1 0 -3 0 0 0 0];

internalField   uniform 0;

boundaryField
{
    inlet
    {
        type            calculated;
        value           nonuniform List<scalar> 
1200
(
0.000146959
0.000146959
0.000146959
0.000146959
0.000146959
0.000146959
0.000146959
0.000146959
0.000146959
0.000146959
0.000146959
0.000146959
0.000146959
0.000146959
0.000146959
0.000146959
0.000146959
0.000146959
0.000146959
0.000146959
0.000146959
0.000146959
0.000146959
0.000146959
0.000146959
0.000146959
0.000146959
0.000146959
0.000146959
0.000146959
0.000146959
0.000146959
0.000146959
0.000146959
0.000146959
0.000146959
0.000146959
0.000146959
0.000146959
0.000146959
0.000146959
0.000146959
0.000146959
0.000146959
0.000146959
0.000146959
0.000146959
0.000146959
0.000146959
0.000146959
0.000146959
0.000146959
0.000146959
0.000146959
0.000146959
0.000146959
0.000146959
0.000146959
0.000146959
0.000146959
0.000146959
0.000146959
0.000146959
0.000146959
0.000146959
0.000146959
0.000146959
0.000146959
0.000146959
0.000146959
0.000146959
0.000146959
0.000146959
0.000146959
0.000146959
0.000146959
0.000146959
0.000146959
0.000146959
0.000146959
0.000146959
0.000146959
0.000146959
0.000146959
0.000146959
0.000146959
0.000146959
0.000146959
0.000146959
0.000146959
0.000146959
0.000146959
0.000146959
0.000146959
0.000146959
0.000146959
0.000146959
0.000146959
0.000146959
0.000146959
0.000146959
0.000146959
0.000146959
0.000146959
0.000146959
0.000146959
0.000146959
0.000146959
0.000146959
0.000146959
0.000146959
0.000146959
0.000146959
0.000146959
0.000146959
0.000146959
0.000146959
0.000146959
0.000146959
0.000146959
0.000146959
0.000146959
0.000146959
0.000146959
0.000146959
0.000146959
0.000146959
0.000146959
0.000146959
0.000146959
0.000146959
0.000146959
0.000146959
0.000146959
0.000146959
0.000146959
0.000146959
0.000146959
0.000146959
0.000146959
0.000146959
0.000146959
0.000146959
0.000146959
0.000146959
0.000146959
0.000146959
0.000146959
0.000146959
0.000146959
0.000146959
0.000146959
0.000146959
0.000146959
0.000146959
0.000146959
0.000146959
0.000146959
0.000146959
0.000146959
0.000146959
0.000146959
0.000146959
0.000146959
0.000146959
0.000146959
0.000146959
0.000146959
0.000146959
0.000146959
0.000146959
0.000146959
0.000146959
0.000146959
0.000146959
0.000146959
0.000146959
0.000146959
0.000146959
0.000146959
0.000146959
0.000146959
0.000146959
0.000146959
0.000146959
0.000146959
0.000146959
0.000146959
0.000146959
0.000146959
0.000146959
0.000146959
0.000146959
0.000146959
0.000146959
0.000146959
0.000146959
0.000146959
0.000146959
0.000146959
0.000146959
0.000146959
0.000146959
0.000146959
0.000146959
0.000146959
0.000146959
0.000146959
0.000146959
0.000146959
0.000146959
0.000146959
0.000146959
0.000146959
0.000146959
0.000146959
0.000146959
0.000146959
0.000146959
0.000146959
0.000146959
0.000146959
0.000146959
0.000146959
0.000146959
0.000146959
0.000146959
0.000146959
0.000146959
0.000146959
0.000146959
0.000146959
0.000146959
0.000146959
0.000146959
0.000146959
0.000146959
0.000146959
0.000146959
0.000146959
0.000146959
0.000146959
0.000146959
0.000146959
0.000146959
0.000146959
0.000146959
0.000146959
0.000146959
0.000146959
0.000146959
0.000146959
0.000146959
0.000146959
0.000146959
0.000146959
0.000146959
0.000146959
0.000146959
0.000146959
0.000146959
0.000146959
0.000146959
0.000146959
0.000146959
0.000146959
0.000146959
0.000146959
0.000146959
0.000146959
0.000146959
0.000146959
0.000146959
0.000146959
0.000146959
0.000146959
0.000146959
0.000146959
0.000146959
0.000146959
0.000146959
0.000146959
0.000146959
0.000146959
0.000146959
0.000146959
0.000146959
0.000146959
0.000146959
0.000146959
0.000146959
0.000146959
0.000146959
0.000146959
0.000146959
0.000146959
0.000146959
0.000146959
0.000146959
0.000146959
0.000146959
0.000146959
0.000146959
0.000146959
0.000146959
0.000146959
0.000146959
0.000146959
0.000146959
0.000146959
0.000146959
0.000146959
0.000146959
0.000146959
0.000146959
0.000146959
0.000146959
0.000146959
0.000146959
0.000146959
0.000146959
0.000146959
0.000146959
0.000146959
0.000146959
0.000146959
0.000146959
0.000146959
0.000146959
0.000146959
0.000146959
0.000146959
0.000146959
0.000146959
0.000146959
0.000146959
0.000146959
0.000146959
0.000146959
0.000146959
0.000146959
0.000146959
0.000146959
0.000146959
0.000146959
0.000146959
0.000146959
0.000146959
0.000146959
0.000146959
0.000146959
0.000146959
0.000146959
0.000146959
0.000146959
0.000146959
0.000146959
0.000146959
0.000146959
0.000146959
0.000146959
0.000146959
0.000146959
0.000146959
0.000146959
0.000146959
0.000146959
0.000146959
0.000146959
0.000146959
0.000146959
0.000146959
0.000146959
0.000146959
0.000146959
0.000146959
0.000146959
0.000146959
0.000146959
0.000146959
0.000146959
0.000146959
0.000146959
0.000146959
0.000146959
0.000146959
0.000146959
0.000146959
0.000146959
0.000146959
0.000146959
0.000146959
0.000146959
0.000146959
0.000146959
0.000146959
0.000146959
0.000146959
0.000146959
0.000146959
0.000146959
0.000146959
0.000146959
0.000146959
0.000146959
0.000146959
0.000146959
0.000146959
0.000146959
0.000146959
0.000146959
0.000146959
0.000146959
0.000146959
0.000146959
0.000146959
0.000146959
0.000146959
0.000146959
0.000146959
0.000146959
0.000146959
0.000146959
0.000146959
0.000146959
0.000146959
0.000146959
0.000146959
0.000146959
0.000146959
0.000146959
0.000146959
0.000146959
0.000146959
0.000146959
0.000146959
0.000146959
0.000146959
0.000146959
0.000146959
0.000146959
0.000146959
0.000146959
0.000146959
0.000146959
0.000146959
0.000146959
0.000146959
0.000146959
0.000146959
0.000146959
0.000146959
0.000146959
0.000146959
0.000146959
0.000146959
0.000146959
0.000146959
0.000146959
0.000146959
0.000146959
0.000146959
0.000146959
0.000146959
0.000146959
0.000146959
0.000146959
0.000146959
0.000146959
0.000146959
0.000146959
0.000146959
0.000146959
0.000146959
0.000146959
0.000146959
0.000146959
0.000146959
0.000146959
0.000146959
0.000146959
0.000146959
0.000146959
0.000146959
0.000146959
0.000146959
0.000146959
0.000146959
0.000146959
0.000146959
0.000146959
0.000146959
0.000146959
0.000146959
0.000146959
0.000146959
0.000146959
0.000146959
0.000146959
0.000146959
0.000146959
0.000146959
0.000146959
0.000146959
0.000146959
0.000146959
0.000146959
0.000146959
0.000146959
0.000146959
0.000146959
0.000146959
0.000146959
0.000146959
0.000146959
0.000146959
0.000146959
0.000146959
0.000146959
0.000146959
0.000146959
0.000146959
0.000146959
0.000146959
0.000146959
0.000146959
0.000146959
0.000146959
0.000146959
0.000146959
0.000146959
0.000146959
0.000146959
0.000146959
0.000146959
0.000146959
0.000146959
0.000146959
0.000146959
0.000146959
0.000146959
0.000146959
0.000146959
0.000146959
0.000146959
0.000146959
0.000146959
0.000146959
0.000146959
0.000146959
0.000146959
0.000146959
0.000146959
0.000146959
0.000146959
0.000146959
0.000146959
0.000146959
0.000146959
0.000146959
0.000146959
0.000146959
0.000146959
0.000146959
0.000146959
0.000146959
0.000146959
0.000146959
0.000146959
0.000146959
0.000146959
0.000146959
0.000146959
0.000146959
0.000146959
0.000146959
0.000146959
0.000146959
0.000146959
0.000146959
0.000146959
0.000146959
0.000146959
0.000146959
0.000146959
0.000146959
0.000146959
0.000146959
0.000146959
0.000146959
0.000146959
0.000146959
0.000146959
0.000146959
0.000146959
0.000146959
0.000146959
0.000146959
0.000146959
0.000146959
0.000146959
0.000146959
0.000146959
0.000146959
0.000146959
0.000146959
0.000146959
0.000146959
0.000146959
0.000146959
0.000146959
0.000146959
0.000146959
0.000146959
0.000146959
0.000146959
0.000146959
0.000146959
0.000146959
0.000146959
0.000146959
0.000146959
0.000146959
0.000146959
0.000146959
0.000146959
0.000146959
0.000146959
0.000146959
0.000146959
0.000146959
0.000146959
0.000146959
0.000146959
0.000146959
0.000146959
0.000146959
0.000146959
0.000146959
0.000146959
0.000146959
0.000146959
0.000146959
0.000146959
0.000146959
0.000146959
0.000146959
0.000146959
0.000146959
0.000146959
0.000146959
0.000146959
0.000146959
0.000146959
0.000146959
0.000146959
0.000146959
0.000146959
0.000146959
0.000146959
0.000146959
0.000146959
0.000146959
0.000146959
0.000146959
0.000146959
0.000146959
0.000146959
0.000146959
0.000146959
0.000146959
0.000146959
0.000146959
0.000146959
0.000146959
0.000146959
0.000146959
0.000146959
0.000146959
0.000146959
0.000146959
0.000146959
0.000146959
0.000146959
0.000146959
0.000146959
0.000146959
0.000146959
0.000146959
0.000146959
0.000146959
0.000146959
0.000146959
0.000146959
0.000146959
0.000146959
0.000146959
0.000146959
0.000146959
0.000146959
0.000146959
0.000146959
0.000146959
0.000146959
0.000146959
0.000146959
0.000146959
0.000146959
0.000146959
0.000146959
0.000146959
0.000146959
0.000146959
0.000146959
0.000146959
0.000146959
0.000146959
0.000146959
0.000146959
0.000146959
0.000146959
0.000146959
0.000146959
0.000146959
0.000146959
0.000146959
0.000146959
0.000146959
0.000146959
0.000146959
0.000146959
0.000146959
0.000146959
0.000146959
0.000146959
0.000146959
0.000146959
0.000146959
0.000146959
0.000146959
0.000146959
0.000146959
0.000146959
0.000146959
0.000146959
0.000146959
0.000146959
0.000146959
0.000146959
0.000146959
0.000146959
0.000146959
0.000146959
0.000146959
0.000146959
0.000146959
0.000146959
0.000146959
0.000146959
0.000146959
0.000146959
0.000146959
0.000146959
0.000146959
0.000146959
0.000146959
0.000146959
0.000146959
0.000146959
0.000146959
0.000146959
0.000146959
0.000146959
0.000146959
0.000146959
0.000146959
0.000146959
0.000146959
0.000146959
0.000146959
0.000146959
0.000146959
0.000146959
0.000146959
0.000146959
0.000146959
0.000146959
0.000146959
0.000146959
0.000146959
0.000146959
0.000146959
0.000146959
0.000146959
0.000146959
0.000146959
0.000146959
0.000146959
0.000146959
0.000146959
0.000146959
0.000146959
0.000146959
0.000146959
0.000146959
0.000146959
0.000146959
0.000146959
0.000146959
0.000146959
0.000146959
0.000146959
0.000146959
0.000146959
0.000146959
0.000146959
0.000146959
0.000146959
0.000146959
0.000146959
0.000146959
0.000146959
0.000146959
0.000146959
0.000146959
0.000146959
0.000146959
0.000146959
0.000146959
0.000146959
0.000146959
0.000146959
0.000146959
0.000146959
0.000146959
0.000146959
0.000146959
0.000146959
0.000146959
0.000146959
0.000146959
0.000146959
0.000146959
0.000146959
0.000146959
0.000146959
0.000146959
0.000146959
0.000146959
0.000146959
0.000146959
0.000146959
0.000146959
0.000146959
0.000146959
0.000146959
0.000146959
0.000146959
0.000146959
0.000146959
0.000146959
0.000146959
0.000146959
0.000146959
0.000146959
0.000146959
0.000146959
0.000146959
0.000146959
0.000146959
0.000146959
0.000146959
0.000146959
0.000146959
0.000146959
0.000146959
0.000146959
0.000146959
0.000146959
0.000146959
0.000146959
0.000146959
0.000146959
0.000146959
0.000146959
0.000146959
0.000146959
0.000146959
0.000146959
0.000146959
0.000146959
0.000146959
0.000146959
0.000146959
0.000146959
0.000146959
0.000146959
0.000146959
0.000146959
0.000146959
0.000146959
0.000146959
0.000146959
0.000146959
0.000146959
0.000146959
0.000146959
0.000146959
0.000146959
0.000146959
0.000146959
0.000146959
0.000146959
0.000146959
0.000146959
0.000146959
0.000146959
0.000146959
0.000146959
0.000146959
0.000146959
0.000146959
0.000146959
0.000146959
0.000146959
0.000146959
0.000146959
0.000146959
0.000146959
0.000146959
0.000146959
0.000146959
0.000146959
0.000146959
0.000146959
0.000146959
0.000146959
0.000146959
0.000146959
0.000146959
0.000146959
0.000146959
0.000146959
0.000146959
0.000146959
0.000146959
0.000146959
0.000146959
0.000146959
0.000146959
0.000146959
0.000146959
0.000146959
0.000146959
0.000146959
0.000146959
0.000146959
0.000146959
0.000146959
0.000146959
0.000146959
0.000146959
0.000146959
0.000146959
0.000146959
0.000146959
0.000146959
0.000146959
0.000146959
0.000146959
0.000146959
0.000146959
0.000146959
0.000146959
0.000146959
0.000146959
0.000146959
0.000146959
0.000146959
0.000146959
0.000146959
0.000146959
0.000146959
0.000146959
0.000146959
0.000146959
0.000146959
0.000146959
0.000146959
0.000146959
0.000146959
0.000146959
0.000146959
0.000146959
0.000146959
0.000146959
0.000146959
0.000146959
0.000146959
0.000146959
0.000146959
0.000146959
0.000146959
0.000146959
0.000146959
0.000146959
0.000146959
0.000146959
0.000146959
0.000146959
0.000146959
0.000146959
0.000146959
0.000146959
0.000146959
0.000146959
0.000146959
0.000146959
0.000146959
0.000146959
0.000146959
0.000146959
0.000146959
0.000146959
0.000146959
0.000146959
0.000146959
0.000146959
0.000146959
0.000146959
0.000146959
0.000146959
0.000146959
0.000146959
0.000146959
0.000146959
0.000146959
0.000146959
0.000146959
0.000146959
0.000146959
0.000146959
0.000146959
0.000146959
0.000146959
0.000146959
0.000146959
0.000146959
0.000146959
0.000146959
0.000146959
0.000146959
0.000146959
0.000146959
0.000146959
0.000146959
0.000146959
0.000146959
0.000146959
0.000146959
0.000146959
0.000146959
0.000146959
0.000146959
0.000146959
0.000146959
0.000146959
0.000146959
0.000146959
0.000146959
0.000146959
0.000146959
0.000146959
0.000146959
0.000146959
0.000146959
0.000146959
0.000146959
0.000146959
0.000146959
0.000146959
0.000146959
0.000146959
0.000146959
0.000146959
0.000146959
0.000146959
0.000146959
0.000146959
0.000146959
0.000146959
0.000146959
0.000146959
0.000146959
0.000146959
0.000146959
0.000146959
0.000146959
0.000146959
0.000146959
0.000146959
0.000146959
0.000146959
0.000146959
0.000146959
0.000146959
0.000146959
0.000146959
0.000146959
0.000146959
0.000146959
0.000146959
0.000146959
0.000146959
0.000146959
0.000146959
0.000146959
0.000146959
0.000146959
0.000146959
0.000146959
0.000146959
0.000146959
0.000146959
0.000146959
0.000146959
0.000146959
0.000146959
0.000146959
0.000146959
0.000146959
0.000146959
0.000146959
0.000146959
0.000146959
0.000146959
0.000146959
0.000146959
0.000146959
0.000146959
0.000146959
0.000146959
0.000146959
0.000146959
0.000146959
0.000146959
0.000146959
0.000146959
0.000146959
0.000146959
0.000146959
0.000146959
0.000146959
0.000146959
0.000146959
0.000146959
0.000146959
0.000146959
0.000146959
0.000146959
0.000146959
0.000146959
0.000146959
0.000146959
0.000146959
0.000146959
0.000146959
0.000146959
0.000146959
0.000146959
0.000146959
0.000146959
0.000146959
0.000146959
0.000146959
0.000146959
0.000146959
0.000146959
0.000146959
0.000146959
0.000146959
0.000146959
0.000146959
0.000146959
0.000146959
0.000146959
0.000146959
0.000146959
0.000146959
0.000146959
0.000146959
0.000146959
0.000146959
0.000146959
0.000146959
0.000146959
0.000146959
0.000146959
0.000146959
0.000146959
)
;
    }
    outlet
    {
        type            calculated;
        value           uniform 0;
    }
    middlePlane
    {
        type            symmetryPlane;
    }
    sideWall
    {
        type            calculated;
        value           nonuniform List<scalar> 
1920
(
1.58875e+08
1.58875e+08
1.58875e+08
1.58875e+08
1.58875e+08
1.58875e+08
1.58875e+08
1.58875e+08
1.58875e+08
1.58875e+08
1.58875e+08
1.58875e+08
1.58875e+08
1.58875e+08
1.58875e+08
1.58875e+08
1.58875e+08
1.58875e+08
1.58875e+08
1.58875e+08
1.58875e+08
1.58875e+08
1.58875e+08
1.58875e+08
1.58875e+08
1.58875e+08
1.58875e+08
1.58875e+08
1.58875e+08
1.58875e+08
1.58875e+08
1.58875e+08
1.58875e+08
1.58875e+08
1.58875e+08
1.58875e+08
1.58875e+08
1.58875e+08
1.58875e+08
1.58875e+08
1.58875e+08
1.58875e+08
1.58875e+08
1.58875e+08
1.58875e+08
1.58875e+08
1.58875e+08
1.58875e+08
1.58875e+08
1.58875e+08
1.58875e+08
1.58875e+08
1.58875e+08
1.58875e+08
1.58875e+08
1.58875e+08
1.58875e+08
1.58875e+08
1.58875e+08
1.58875e+08
1.58784e+08
1.58784e+08
1.58784e+08
1.58784e+08
1.58784e+08
1.58784e+08
1.58784e+08
1.58784e+08
1.58784e+08
1.58784e+08
1.58784e+08
1.58784e+08
1.58784e+08
1.58784e+08
1.58784e+08
1.58784e+08
1.58784e+08
1.58784e+08
1.58784e+08
1.58784e+08
1.58784e+08
1.58784e+08
1.58784e+08
1.58784e+08
1.58784e+08
1.58784e+08
1.58784e+08
1.58784e+08
1.58784e+08
1.58784e+08
1.58784e+08
1.58784e+08
1.58784e+08
1.58784e+08
1.58784e+08
1.58784e+08
1.58784e+08
1.58784e+08
1.58784e+08
1.58784e+08
1.58784e+08
1.58784e+08
1.58784e+08
1.58784e+08
1.58784e+08
1.58784e+08
1.58784e+08
1.58784e+08
1.58784e+08
1.58784e+08
1.58784e+08
1.58784e+08
1.58784e+08
1.58784e+08
1.58784e+08
1.58784e+08
1.58784e+08
1.58784e+08
1.58784e+08
1.58784e+08
1.58692e+08
1.58692e+08
1.58692e+08
1.58692e+08
1.58692e+08
1.58692e+08
1.58692e+08
1.58692e+08
1.58692e+08
1.58692e+08
1.58692e+08
1.58692e+08
1.58692e+08
1.58692e+08
1.58692e+08
1.58692e+08
1.58692e+08
1.58692e+08
1.58692e+08
1.58692e+08
1.58692e+08
1.58692e+08
1.58692e+08
1.58692e+08
1.58692e+08
1.58692e+08
1.58692e+08
1.58692e+08
1.58692e+08
1.58692e+08
1.58692e+08
1.58692e+08
1.58692e+08
1.58692e+08
1.58692e+08
1.58692e+08
1.58692e+08
1.58692e+08
1.58692e+08
1.58692e+08
1.58692e+08
1.58692e+08
1.58692e+08
1.58692e+08
1.58692e+08
1.58692e+08
1.58692e+08
1.58692e+08
1.58692e+08
1.58692e+08
1.58692e+08
1.58692e+08
1.58692e+08
1.58692e+08
1.58692e+08
1.58692e+08
1.58692e+08
1.58692e+08
1.58692e+08
1.58692e+08
1.58601e+08
1.58601e+08
1.58601e+08
1.58601e+08
1.58601e+08
1.58601e+08
1.58601e+08
1.58601e+08
1.58601e+08
1.58601e+08
1.58601e+08
1.58601e+08
1.58601e+08
1.58601e+08
1.58601e+08
1.58601e+08
1.58601e+08
1.58601e+08
1.58601e+08
1.58601e+08
1.58601e+08
1.58601e+08
1.58601e+08
1.58601e+08
1.58601e+08
1.58601e+08
1.58601e+08
1.58601e+08
1.58601e+08
1.58601e+08
1.58601e+08
1.58601e+08
1.58601e+08
1.58601e+08
1.58601e+08
1.58601e+08
1.58601e+08
1.58601e+08
1.58601e+08
1.58601e+08
1.58601e+08
1.58601e+08
1.58601e+08
1.58601e+08
1.58601e+08
1.58601e+08
1.58601e+08
1.58601e+08
1.58601e+08
1.58601e+08
1.58601e+08
1.58601e+08
1.58601e+08
1.58601e+08
1.58601e+08
1.58601e+08
1.58601e+08
1.58601e+08
1.58601e+08
1.58601e+08
1.5851e+08
1.5851e+08
1.5851e+08
1.5851e+08
1.5851e+08
1.5851e+08
1.5851e+08
1.5851e+08
1.5851e+08
1.5851e+08
1.5851e+08
1.5851e+08
1.5851e+08
1.5851e+08
1.5851e+08
1.5851e+08
1.5851e+08
1.5851e+08
1.5851e+08
1.5851e+08
1.5851e+08
1.5851e+08
1.5851e+08
1.5851e+08
1.5851e+08
1.5851e+08
1.5851e+08
1.5851e+08
1.5851e+08
1.5851e+08
1.5851e+08
1.5851e+08
1.5851e+08
1.5851e+08
1.5851e+08
1.5851e+08
1.5851e+08
1.5851e+08
1.5851e+08
1.5851e+08
1.5851e+08
1.5851e+08
1.5851e+08
1.5851e+08
1.5851e+08
1.5851e+08
1.5851e+08
1.5851e+08
1.5851e+08
1.5851e+08
1.5851e+08
1.5851e+08
1.5851e+08
1.5851e+08
1.5851e+08
1.5851e+08
1.5851e+08
1.5851e+08
1.5851e+08
1.5851e+08
1.5842e+08
1.5842e+08
1.5842e+08
1.5842e+08
1.5842e+08
1.5842e+08
1.5842e+08
1.5842e+08
1.5842e+08
1.5842e+08
1.5842e+08
1.5842e+08
1.5842e+08
1.5842e+08
1.5842e+08
1.5842e+08
1.5842e+08
1.5842e+08
1.5842e+08
1.5842e+08
1.5842e+08
1.5842e+08
1.5842e+08
1.5842e+08
1.5842e+08
1.5842e+08
1.5842e+08
1.5842e+08
1.5842e+08
1.5842e+08
1.5842e+08
1.5842e+08
1.5842e+08
1.5842e+08
1.5842e+08
1.5842e+08
1.5842e+08
1.5842e+08
1.5842e+08
1.5842e+08
1.5842e+08
1.5842e+08
1.5842e+08
1.5842e+08
1.5842e+08
1.5842e+08
1.5842e+08
1.5842e+08
1.5842e+08
1.5842e+08
1.5842e+08
1.5842e+08
1.5842e+08
1.5842e+08
1.5842e+08
1.5842e+08
1.5842e+08
1.5842e+08
1.5842e+08
1.5842e+08
1.58329e+08
1.58329e+08
1.58329e+08
1.58329e+08
1.58329e+08
1.58329e+08
1.58329e+08
1.58329e+08
1.58329e+08
1.58329e+08
1.58329e+08
1.58329e+08
1.58329e+08
1.58329e+08
1.58329e+08
1.58329e+08
1.58329e+08
1.58329e+08
1.58329e+08
1.58329e+08
1.58329e+08
1.58329e+08
1.58329e+08
1.58329e+08
1.58329e+08
1.58329e+08
1.58329e+08
1.58329e+08
1.58329e+08
1.58329e+08
1.58329e+08
1.58329e+08
1.58329e+08
1.58329e+08
1.58329e+08
1.58329e+08
1.58329e+08
1.58329e+08
1.58329e+08
1.58329e+08
1.58329e+08
1.58329e+08
1.58329e+08
1.58329e+08
1.58329e+08
1.58329e+08
1.58329e+08
1.58329e+08
1.58329e+08
1.58329e+08
1.58329e+08
1.58329e+08
1.58329e+08
1.58329e+08
1.58329e+08
1.58329e+08
1.58329e+08
1.58329e+08
1.58329e+08
1.58329e+08
1.58239e+08
1.58239e+08
1.58239e+08
1.58239e+08
1.58239e+08
1.58239e+08
1.58239e+08
1.58239e+08
1.58239e+08
1.58239e+08
1.58239e+08
1.58239e+08
1.58239e+08
1.58239e+08
1.58239e+08
1.58239e+08
1.58239e+08
1.58239e+08
1.58239e+08
1.58239e+08
1.58239e+08
1.58239e+08
1.58239e+08
1.58239e+08
1.58239e+08
1.58239e+08
1.58239e+08
1.58239e+08
1.58239e+08
1.58239e+08
1.58239e+08
1.58239e+08
1.58239e+08
1.58239e+08
1.58239e+08
1.58239e+08
1.58239e+08
1.58239e+08
1.58239e+08
1.58239e+08
1.58239e+08
1.58239e+08
1.58239e+08
1.58239e+08
1.58239e+08
1.58239e+08
1.58239e+08
1.58239e+08
1.58239e+08
1.58239e+08
1.58239e+08
1.58239e+08
1.58239e+08
1.58239e+08
1.58239e+08
1.58239e+08
1.58239e+08
1.58239e+08
1.58239e+08
1.58239e+08
1.58149e+08
1.58149e+08
1.58149e+08
1.58149e+08
1.58149e+08
1.58149e+08
1.58149e+08
1.58149e+08
1.58149e+08
1.58149e+08
1.58149e+08
1.58149e+08
1.58149e+08
1.58149e+08
1.58149e+08
1.58149e+08
1.58149e+08
1.58149e+08
1.58149e+08
1.58149e+08
1.58149e+08
1.58149e+08
1.58149e+08
1.58149e+08
1.58149e+08
1.58149e+08
1.58149e+08
1.58149e+08
1.58149e+08
1.58149e+08
1.58149e+08
1.58149e+08
1.58149e+08
1.58149e+08
1.58149e+08
1.58149e+08
1.58149e+08
1.58149e+08
1.58149e+08
1.58149e+08
1.58149e+08
1.58149e+08
1.58149e+08
1.58149e+08
1.58149e+08
1.58149e+08
1.58149e+08
1.58149e+08
1.58149e+08
1.58149e+08
1.58149e+08
1.58149e+08
1.58149e+08
1.58149e+08
1.58149e+08
1.58149e+08
1.58149e+08
1.58149e+08
1.58149e+08
1.58149e+08
1.58059e+08
1.58059e+08
1.58059e+08
1.58059e+08
1.58059e+08
1.58059e+08
1.58059e+08
1.58059e+08
1.58059e+08
1.58059e+08
1.58059e+08
1.58059e+08
1.58059e+08
1.58059e+08
1.58059e+08
1.58059e+08
1.58059e+08
1.58059e+08
1.58059e+08
1.58059e+08
1.58059e+08
1.58059e+08
1.58059e+08
1.58059e+08
1.58059e+08
1.58059e+08
1.58059e+08
1.58059e+08
1.58059e+08
1.58059e+08
1.58059e+08
1.58059e+08
1.58059e+08
1.58059e+08
1.58059e+08
1.58059e+08
1.58059e+08
1.58059e+08
1.58059e+08
1.58059e+08
1.58059e+08
1.58059e+08
1.58059e+08
1.58059e+08
1.58059e+08
1.58059e+08
1.58059e+08
1.58059e+08
1.58059e+08
1.58059e+08
1.58059e+08
1.58059e+08
1.58059e+08
1.58059e+08
1.58059e+08
1.58059e+08
1.58059e+08
1.58059e+08
1.58059e+08
1.58059e+08
1.57969e+08
1.57969e+08
1.57969e+08
1.57969e+08
1.57969e+08
1.57969e+08
1.57969e+08
1.57969e+08
1.57969e+08
1.57969e+08
1.57969e+08
1.57969e+08
1.57969e+08
1.57969e+08
1.57969e+08
1.57969e+08
1.57969e+08
1.57969e+08
1.57969e+08
1.57969e+08
1.57969e+08
1.57969e+08
1.57969e+08
1.57969e+08
1.57969e+08
1.57969e+08
1.57969e+08
1.57969e+08
1.57969e+08
1.57969e+08
1.57969e+08
1.57969e+08
1.57969e+08
1.57969e+08
1.57969e+08
1.57969e+08
1.57969e+08
1.57969e+08
1.57969e+08
1.57969e+08
1.57969e+08
1.57969e+08
1.57969e+08
1.57969e+08
1.57969e+08
1.57969e+08
1.57969e+08
1.57969e+08
1.57969e+08
1.57969e+08
1.57969e+08
1.57969e+08
1.57969e+08
1.57969e+08
1.57969e+08
1.57969e+08
1.57969e+08
1.57969e+08
1.57969e+08
1.57969e+08
1.5788e+08
1.5788e+08
1.5788e+08
1.5788e+08
1.5788e+08
1.5788e+08
1.5788e+08
1.5788e+08
1.5788e+08
1.5788e+08
1.5788e+08
1.5788e+08
1.5788e+08
1.5788e+08
1.5788e+08
1.5788e+08
1.5788e+08
1.5788e+08
1.5788e+08
1.5788e+08
1.5788e+08
1.5788e+08
1.5788e+08
1.5788e+08
1.5788e+08
1.5788e+08
1.5788e+08
1.5788e+08
1.5788e+08
1.5788e+08
1.5788e+08
1.5788e+08
1.5788e+08
1.5788e+08
1.5788e+08
1.5788e+08
1.5788e+08
1.5788e+08
1.5788e+08
1.5788e+08
1.5788e+08
1.5788e+08
1.5788e+08
1.5788e+08
1.5788e+08
1.5788e+08
1.5788e+08
1.5788e+08
1.5788e+08
1.5788e+08
1.5788e+08
1.5788e+08
1.5788e+08
1.5788e+08
1.5788e+08
1.5788e+08
1.5788e+08
1.5788e+08
1.5788e+08
1.5788e+08
1.5779e+08
1.5779e+08
1.5779e+08
1.5779e+08
1.5779e+08
1.5779e+08
1.5779e+08
1.5779e+08
1.5779e+08
1.5779e+08
1.5779e+08
1.5779e+08
1.5779e+08
1.5779e+08
1.5779e+08
1.5779e+08
1.5779e+08
1.5779e+08
1.5779e+08
1.5779e+08
1.5779e+08
1.5779e+08
1.5779e+08
1.5779e+08
1.5779e+08
1.5779e+08
1.5779e+08
1.5779e+08
1.5779e+08
1.5779e+08
1.5779e+08
1.5779e+08
1.5779e+08
1.5779e+08
1.5779e+08
1.5779e+08
1.5779e+08
1.5779e+08
1.5779e+08
1.5779e+08
1.5779e+08
1.5779e+08
1.5779e+08
1.5779e+08
1.5779e+08
1.5779e+08
1.5779e+08
1.5779e+08
1.5779e+08
1.5779e+08
1.5779e+08
1.5779e+08
1.5779e+08
1.5779e+08
1.5779e+08
1.5779e+08
1.5779e+08
1.5779e+08
1.5779e+08
1.5779e+08
1.57701e+08
1.57701e+08
1.57701e+08
1.57701e+08
1.57701e+08
1.57701e+08
1.57701e+08
1.57701e+08
1.57701e+08
1.57701e+08
1.57701e+08
1.57701e+08
1.57701e+08
1.57701e+08
1.57701e+08
1.57701e+08
1.57701e+08
1.57701e+08
1.57701e+08
1.57701e+08
1.57701e+08
1.57701e+08
1.57701e+08
1.57701e+08
1.57701e+08
1.57701e+08
1.57701e+08
1.57701e+08
1.57701e+08
1.57701e+08
1.57701e+08
1.57701e+08
1.57701e+08
1.57701e+08
1.57701e+08
1.57701e+08
1.57701e+08
1.57701e+08
1.57701e+08
1.57701e+08
1.57701e+08
1.57701e+08
1.57701e+08
1.57701e+08
1.57701e+08
1.57701e+08
1.57701e+08
1.57701e+08
1.57701e+08
1.57701e+08
1.57701e+08
1.57701e+08
1.57701e+08
1.57701e+08
1.57701e+08
1.57701e+08
1.57701e+08
1.57701e+08
1.57701e+08
1.57701e+08
1.57613e+08
1.57613e+08
1.57613e+08
1.57613e+08
1.57613e+08
1.57613e+08
1.57613e+08
1.57613e+08
1.57613e+08
1.57613e+08
1.57613e+08
1.57613e+08
1.57613e+08
1.57613e+08
1.57613e+08
1.57613e+08
1.57613e+08
1.57613e+08
1.57613e+08
1.57613e+08
1.57613e+08
1.57613e+08
1.57613e+08
1.57613e+08
1.57613e+08
1.57613e+08
1.57613e+08
1.57613e+08
1.57613e+08
1.57613e+08
1.57613e+08
1.57613e+08
1.57613e+08
1.57613e+08
1.57613e+08
1.57613e+08
1.57613e+08
1.57613e+08
1.57613e+08
1.57613e+08
1.57613e+08
1.57613e+08
1.57613e+08
1.57613e+08
1.57613e+08
1.57613e+08
1.57613e+08
1.57613e+08
1.57613e+08
1.57613e+08
1.57613e+08
1.57613e+08
1.57613e+08
1.57613e+08
1.57613e+08
1.57613e+08
1.57613e+08
1.57613e+08
1.57613e+08
1.57613e+08
1.57524e+08
1.57524e+08
1.57524e+08
1.57524e+08
1.57524e+08
1.57524e+08
1.57524e+08
1.57524e+08
1.57524e+08
1.57524e+08
1.57524e+08
1.57524e+08
1.57524e+08
1.57524e+08
1.57524e+08
1.57524e+08
1.57524e+08
1.57524e+08
1.57524e+08
1.57524e+08
1.57524e+08
1.57524e+08
1.57524e+08
1.57524e+08
1.57524e+08
1.57524e+08
1.57524e+08
1.57524e+08
1.57524e+08
1.57524e+08
1.57524e+08
1.57524e+08
1.57524e+08
1.57524e+08
1.57524e+08
1.57524e+08
1.57524e+08
1.57524e+08
1.57524e+08
1.57524e+08
1.57524e+08
1.57524e+08
1.57524e+08
1.57524e+08
1.57524e+08
1.57524e+08
1.57524e+08
1.57524e+08
1.57524e+08
1.57524e+08
1.57524e+08
1.57524e+08
1.57524e+08
1.57524e+08
1.57524e+08
1.57524e+08
1.57524e+08
1.57524e+08
1.57524e+08
1.57524e+08
1.57435e+08
1.57435e+08
1.57435e+08
1.57435e+08
1.57435e+08
1.57435e+08
1.57435e+08
1.57435e+08
1.57435e+08
1.57435e+08
1.57435e+08
1.57435e+08
1.57435e+08
1.57435e+08
1.57435e+08
1.57435e+08
1.57435e+08
1.57435e+08
1.57435e+08
1.57435e+08
1.57435e+08
1.57435e+08
1.57435e+08
1.57435e+08
1.57435e+08
1.57435e+08
1.57435e+08
1.57435e+08
1.57435e+08
1.57435e+08
1.57435e+08
1.57435e+08
1.57435e+08
1.57435e+08
1.57435e+08
1.57435e+08
1.57435e+08
1.57435e+08
1.57435e+08
1.57435e+08
1.57435e+08
1.57435e+08
1.57435e+08
1.57435e+08
1.57435e+08
1.57435e+08
1.57435e+08
1.57435e+08
1.57435e+08
1.57435e+08
1.57435e+08
1.57435e+08
1.57435e+08
1.57435e+08
1.57435e+08
1.57435e+08
1.57435e+08
1.57435e+08
1.57435e+08
1.57435e+08
1.57347e+08
1.57347e+08
1.57347e+08
1.57347e+08
1.57347e+08
1.57347e+08
1.57347e+08
1.57347e+08
1.57347e+08
1.57347e+08
1.57347e+08
1.57347e+08
1.57347e+08
1.57347e+08
1.57347e+08
1.57347e+08
1.57347e+08
1.57347e+08
1.57347e+08
1.57347e+08
1.57347e+08
1.57347e+08
1.57347e+08
1.57347e+08
1.57347e+08
1.57347e+08
1.57347e+08
1.57347e+08
1.57347e+08
1.57347e+08
1.57347e+08
1.57347e+08
1.57347e+08
1.57347e+08
1.57347e+08
1.57347e+08
1.57347e+08
1.57347e+08
1.57347e+08
1.57347e+08
1.57347e+08
1.57347e+08
1.57347e+08
1.57347e+08
1.57347e+08
1.57347e+08
1.57347e+08
1.57347e+08
1.57347e+08
1.57347e+08
1.57347e+08
1.57347e+08
1.57347e+08
1.57347e+08
1.57347e+08
1.57347e+08
1.57347e+08
1.57347e+08
1.57347e+08
1.57347e+08
1.57259e+08
1.57259e+08
1.57259e+08
1.57259e+08
1.57259e+08
1.57259e+08
1.57259e+08
1.57259e+08
1.57259e+08
1.57259e+08
1.57259e+08
1.57259e+08
1.57259e+08
1.57259e+08
1.57259e+08
1.57259e+08
1.57259e+08
1.57259e+08
1.57259e+08
1.57259e+08
1.57259e+08
1.57259e+08
1.57259e+08
1.57259e+08
1.57259e+08
1.57259e+08
1.57259e+08
1.57259e+08
1.57259e+08
1.57259e+08
1.57259e+08
1.57259e+08
1.57259e+08
1.57259e+08
1.57259e+08
1.57259e+08
1.57259e+08
1.57259e+08
1.57259e+08
1.57259e+08
1.57259e+08
1.57259e+08
1.57259e+08
1.57259e+08
1.57259e+08
1.57259e+08
1.57259e+08
1.57259e+08
1.57259e+08
1.57259e+08
1.57259e+08
1.57259e+08
1.57259e+08
1.57259e+08
1.57259e+08
1.57259e+08
1.57259e+08
1.57259e+08
1.57259e+08
1.57259e+08
1.57171e+08
1.57171e+08
1.57171e+08
1.57171e+08
1.57171e+08
1.57171e+08
1.57171e+08
1.57171e+08
1.57171e+08
1.57171e+08
1.57171e+08
1.57171e+08
1.57171e+08
1.57171e+08
1.57171e+08
1.57171e+08
1.57171e+08
1.57171e+08
1.57171e+08
1.57171e+08
1.57171e+08
1.57171e+08
1.57171e+08
1.57171e+08
1.57171e+08
1.57171e+08
1.57171e+08
1.57171e+08
1.57171e+08
1.57171e+08
1.57171e+08
1.57171e+08
1.57171e+08
1.57171e+08
1.57171e+08
1.57171e+08
1.57171e+08
1.57171e+08
1.57171e+08
1.57171e+08
1.57171e+08
1.57171e+08
1.57171e+08
1.57171e+08
1.57171e+08
1.57171e+08
1.57171e+08
1.57171e+08
1.57171e+08
1.57171e+08
1.57171e+08
1.57171e+08
1.57171e+08
1.57171e+08
1.57171e+08
1.57171e+08
1.57171e+08
1.57171e+08
1.57171e+08
1.57171e+08
1.57083e+08
1.57083e+08
1.57083e+08
1.57083e+08
1.57083e+08
1.57083e+08
1.57083e+08
1.57083e+08
1.57083e+08
1.57083e+08
1.57083e+08
1.57083e+08
1.57083e+08
1.57083e+08
1.57083e+08
1.57083e+08
1.57083e+08
1.57083e+08
1.57083e+08
1.57083e+08
1.57083e+08
1.57083e+08
1.57083e+08
1.57083e+08
1.57083e+08
1.57083e+08
1.57083e+08
1.57083e+08
1.57083e+08
1.57083e+08
1.57083e+08
1.57083e+08
1.57083e+08
1.57083e+08
1.57083e+08
1.57083e+08
1.57083e+08
1.57083e+08
1.57083e+08
1.57083e+08
1.57083e+08
1.57083e+08
1.57083e+08
1.57083e+08
1.57083e+08
1.57083e+08
1.57083e+08
1.57083e+08
1.57083e+08
1.57083e+08
1.57083e+08
1.57083e+08
1.57083e+08
1.57083e+08
1.57083e+08
1.57083e+08
1.57083e+08
1.57083e+08
1.57083e+08
1.57083e+08
1.56996e+08
1.56996e+08
1.56996e+08
1.56996e+08
1.56996e+08
1.56996e+08
1.56996e+08
1.56996e+08
1.56996e+08
1.56996e+08
1.56996e+08
1.56996e+08
1.56996e+08
1.56996e+08
1.56996e+08
1.56996e+08
1.56996e+08
1.56996e+08
1.56996e+08
1.56996e+08
1.56996e+08
1.56996e+08
1.56996e+08
1.56996e+08
1.56996e+08
1.56996e+08
1.56996e+08
1.56996e+08
1.56996e+08
1.56996e+08
1.56996e+08
1.56996e+08
1.56996e+08
1.56996e+08
1.56996e+08
1.56996e+08
1.56996e+08
1.56996e+08
1.56996e+08
1.56996e+08
1.56996e+08
1.56996e+08
1.56996e+08
1.56996e+08
1.56996e+08
1.56996e+08
1.56996e+08
1.56996e+08
1.56996e+08
1.56996e+08
1.56996e+08
1.56996e+08
1.56996e+08
1.56996e+08
1.56996e+08
1.56996e+08
1.56996e+08
1.56996e+08
1.56996e+08
1.56996e+08
1.56908e+08
1.56908e+08
1.56908e+08
1.56908e+08
1.56908e+08
1.56908e+08
1.56908e+08
1.56908e+08
1.56908e+08
1.56908e+08
1.56908e+08
1.56908e+08
1.56908e+08
1.56908e+08
1.56908e+08
1.56908e+08
1.56908e+08
1.56908e+08
1.56908e+08
1.56908e+08
1.56908e+08
1.56908e+08
1.56908e+08
1.56908e+08
1.56908e+08
1.56908e+08
1.56908e+08
1.56908e+08
1.56908e+08
1.56908e+08
1.56908e+08
1.56908e+08
1.56908e+08
1.56908e+08
1.56908e+08
1.56908e+08
1.56908e+08
1.56908e+08
1.56908e+08
1.56908e+08
1.56908e+08
1.56908e+08
1.56908e+08
1.56908e+08
1.56908e+08
1.56908e+08
1.56908e+08
1.56908e+08
1.56908e+08
1.56908e+08
1.56908e+08
1.56908e+08
1.56908e+08
1.56908e+08
1.56908e+08
1.56908e+08
1.56908e+08
1.56908e+08
1.56908e+08
1.56908e+08
1.56821e+08
1.56821e+08
1.56821e+08
1.56821e+08
1.56821e+08
1.56821e+08
1.56821e+08
1.56821e+08
1.56821e+08
1.56821e+08
1.56821e+08
1.56821e+08
1.56821e+08
1.56821e+08
1.56821e+08
1.56821e+08
1.56821e+08
1.56821e+08
1.56821e+08
1.56821e+08
1.56821e+08
1.56821e+08
1.56821e+08
1.56821e+08
1.56821e+08
1.56821e+08
1.56821e+08
1.56821e+08
1.56821e+08
1.56821e+08
1.56821e+08
1.56821e+08
1.56821e+08
1.56821e+08
1.56821e+08
1.56821e+08
1.56821e+08
1.56821e+08
1.56821e+08
1.56821e+08
1.56821e+08
1.56821e+08
1.56821e+08
1.56821e+08
1.56821e+08
1.56821e+08
1.56821e+08
1.56821e+08
1.56821e+08
1.56821e+08
1.56821e+08
1.56821e+08
1.56821e+08
1.56821e+08
1.56821e+08
1.56821e+08
1.56821e+08
1.56821e+08
1.56821e+08
1.56821e+08
1.56735e+08
1.56735e+08
1.56735e+08
1.56735e+08
1.56735e+08
1.56735e+08
1.56735e+08
1.56735e+08
1.56735e+08
1.56735e+08
1.56735e+08
1.56735e+08
1.56735e+08
1.56735e+08
1.56735e+08
1.56735e+08
1.56735e+08
1.56735e+08
1.56735e+08
1.56735e+08
1.56735e+08
1.56735e+08
1.56735e+08
1.56735e+08
1.56735e+08
1.56735e+08
1.56735e+08
1.56735e+08
1.56735e+08
1.56735e+08
1.56735e+08
1.56735e+08
1.56735e+08
1.56735e+08
1.56735e+08
1.56735e+08
1.56735e+08
1.56735e+08
1.56735e+08
1.56735e+08
1.56735e+08
1.56735e+08
1.56735e+08
1.56735e+08
1.56735e+08
1.56735e+08
1.56735e+08
1.56735e+08
1.56735e+08
1.56735e+08
1.56735e+08
1.56735e+08
1.56735e+08
1.56735e+08
1.56735e+08
1.56735e+08
1.56735e+08
1.56735e+08
1.56735e+08
1.56735e+08
1.56648e+08
1.56648e+08
1.56648e+08
1.56648e+08
1.56648e+08
1.56648e+08
1.56648e+08
1.56648e+08
1.56648e+08
1.56648e+08
1.56648e+08
1.56648e+08
1.56648e+08
1.56648e+08
1.56648e+08
1.56648e+08
1.56648e+08
1.56648e+08
1.56648e+08
1.56648e+08
1.56648e+08
1.56648e+08
1.56648e+08
1.56648e+08
1.56648e+08
1.56648e+08
1.56648e+08
1.56648e+08
1.56648e+08
1.56648e+08
1.56648e+08
1.56648e+08
1.56648e+08
1.56648e+08
1.56648e+08
1.56648e+08
1.56648e+08
1.56648e+08
1.56648e+08
1.56648e+08
1.56648e+08
1.56648e+08
1.56648e+08
1.56648e+08
1.56648e+08
1.56648e+08
1.56648e+08
1.56648e+08
1.56648e+08
1.56648e+08
1.56648e+08
1.56648e+08
1.56648e+08
1.56648e+08
1.56648e+08
1.56648e+08
1.56648e+08
1.56648e+08
1.56648e+08
1.56648e+08
1.56562e+08
1.56562e+08
1.56562e+08
1.56562e+08
1.56562e+08
1.56562e+08
1.56562e+08
1.56562e+08
1.56562e+08
1.56562e+08
1.56562e+08
1.56562e+08
1.56562e+08
1.56562e+08
1.56562e+08
1.56562e+08
1.56562e+08
1.56562e+08
1.56562e+08
1.56562e+08
1.56562e+08
1.56562e+08
1.56562e+08
1.56562e+08
1.56562e+08
1.56562e+08
1.56562e+08
1.56562e+08
1.56562e+08
1.56562e+08
1.56562e+08
1.56562e+08
1.56562e+08
1.56562e+08
1.56562e+08
1.56562e+08
1.56562e+08
1.56562e+08
1.56562e+08
1.56562e+08
1.56562e+08
1.56562e+08
1.56562e+08
1.56562e+08
1.56562e+08
1.56562e+08
1.56562e+08
1.56562e+08
1.56562e+08
1.56562e+08
1.56562e+08
1.56562e+08
1.56562e+08
1.56562e+08
1.56562e+08
1.56562e+08
1.56562e+08
1.56562e+08
1.56562e+08
1.56562e+08
1.56475e+08
1.56475e+08
1.56475e+08
1.56475e+08
1.56475e+08
1.56475e+08
1.56475e+08
1.56475e+08
1.56475e+08
1.56475e+08
1.56475e+08
1.56475e+08
1.56475e+08
1.56475e+08
1.56475e+08
1.56475e+08
1.56475e+08
1.56475e+08
1.56475e+08
1.56475e+08
1.56475e+08
1.56475e+08
1.56475e+08
1.56475e+08
1.56475e+08
1.56475e+08
1.56475e+08
1.56475e+08
1.56475e+08
1.56475e+08
1.56475e+08
1.56475e+08
1.56475e+08
1.56475e+08
1.56475e+08
1.56475e+08
1.56475e+08
1.56475e+08
1.56475e+08
1.56475e+08
1.56475e+08
1.56475e+08
1.56475e+08
1.56475e+08
1.56475e+08
1.56475e+08
1.56475e+08
1.56475e+08
1.56475e+08
1.56475e+08
1.56475e+08
1.56475e+08
1.56475e+08
1.56475e+08
1.56475e+08
1.56475e+08
1.56475e+08
1.56475e+08
1.56475e+08
1.56475e+08
1.56389e+08
1.56389e+08
1.56389e+08
1.56389e+08
1.56389e+08
1.56389e+08
1.56389e+08
1.56389e+08
1.56389e+08
1.56389e+08
1.56389e+08
1.56389e+08
1.56389e+08
1.56389e+08
1.56389e+08
1.56389e+08
1.56389e+08
1.56389e+08
1.56389e+08
1.56389e+08
1.56389e+08
1.56389e+08
1.56389e+08
1.56389e+08
1.56389e+08
1.56389e+08
1.56389e+08
1.56389e+08
1.56389e+08
1.56389e+08
1.56389e+08
1.56389e+08
1.56389e+08
1.56389e+08
1.56389e+08
1.56389e+08
1.56389e+08
1.56389e+08
1.56389e+08
1.56389e+08
1.56389e+08
1.56389e+08
1.56389e+08
1.56389e+08
1.56389e+08
1.56389e+08
1.56389e+08
1.56389e+08
1.56389e+08
1.56389e+08
1.56389e+08
1.56389e+08
1.56389e+08
1.56389e+08
1.56389e+08
1.56389e+08
1.56389e+08
1.56389e+08
1.56389e+08
1.56389e+08
1.56304e+08
1.56304e+08
1.56304e+08
1.56304e+08
1.56304e+08
1.56304e+08
1.56304e+08
1.56304e+08
1.56304e+08
1.56304e+08
1.56304e+08
1.56304e+08
1.56304e+08
1.56304e+08
1.56304e+08
1.56304e+08
1.56304e+08
1.56304e+08
1.56304e+08
1.56304e+08
1.56304e+08
1.56304e+08
1.56304e+08
1.56304e+08
1.56304e+08
1.56304e+08
1.56304e+08
1.56304e+08
1.56304e+08
1.56304e+08
1.56304e+08
1.56304e+08
1.56304e+08
1.56304e+08
1.56304e+08
1.56304e+08
1.56304e+08
1.56304e+08
1.56304e+08
1.56304e+08
1.56304e+08
1.56304e+08
1.56304e+08
1.56304e+08
1.56304e+08
1.56304e+08
1.56304e+08
1.56304e+08
1.56304e+08
1.56304e+08
1.56304e+08
1.56304e+08
1.56304e+08
1.56304e+08
1.56304e+08
1.56304e+08
1.56304e+08
1.56304e+08
1.56304e+08
1.56304e+08
1.56218e+08
1.56218e+08
1.56218e+08
1.56218e+08
1.56218e+08
1.56218e+08
1.56218e+08
1.56218e+08
1.56218e+08
1.56218e+08
1.56218e+08
1.56218e+08
1.56218e+08
1.56218e+08
1.56218e+08
1.56218e+08
1.56218e+08
1.56218e+08
1.56218e+08
1.56218e+08
1.56218e+08
1.56218e+08
1.56218e+08
1.56218e+08
1.56218e+08
1.56218e+08
1.56218e+08
1.56218e+08
1.56218e+08
1.56218e+08
1.56218e+08
1.56218e+08
1.56218e+08
1.56218e+08
1.56218e+08
1.56218e+08
1.56218e+08
1.56218e+08
1.56218e+08
1.56218e+08
1.56218e+08
1.56218e+08
1.56218e+08
1.56218e+08
1.56218e+08
1.56218e+08
1.56218e+08
1.56218e+08
1.56218e+08
1.56218e+08
1.56218e+08
1.56218e+08
1.56218e+08
1.56218e+08
1.56218e+08
1.56218e+08
1.56218e+08
1.56218e+08
1.56218e+08
1.56218e+08
1.56133e+08
1.56133e+08
1.56133e+08
1.56133e+08
1.56133e+08
1.56133e+08
1.56133e+08
1.56133e+08
1.56133e+08
1.56133e+08
1.56133e+08
1.56133e+08
1.56133e+08
1.56133e+08
1.56133e+08
1.56133e+08
1.56133e+08
1.56133e+08
1.56133e+08
1.56133e+08
1.56133e+08
1.56133e+08
1.56133e+08
1.56133e+08
1.56133e+08
1.56133e+08
1.56133e+08
1.56133e+08
1.56133e+08
1.56133e+08
1.56133e+08
1.56133e+08
1.56133e+08
1.56133e+08
1.56133e+08
1.56133e+08
1.56133e+08
1.56133e+08
1.56133e+08
1.56133e+08
1.56133e+08
1.56133e+08
1.56133e+08
1.56133e+08
1.56133e+08
1.56133e+08
1.56133e+08
1.56133e+08
1.56133e+08
1.56133e+08
1.56133e+08
1.56133e+08
1.56133e+08
1.56133e+08
1.56133e+08
1.56133e+08
1.56133e+08
1.56133e+08
1.56133e+08
1.56133e+08
)
;
    }
    hot
    {
        type            calculated;
        value           nonuniform List<scalar> 
640
(
1.70646e+08
1.70646e+08
1.70646e+08
1.70646e+08
1.70646e+08
1.70646e+08
1.70646e+08
1.70646e+08
1.70646e+08
1.70646e+08
1.70646e+08
1.70646e+08
1.70646e+08
1.70646e+08
1.70646e+08
1.70646e+08
1.70646e+08
1.70646e+08
1.70646e+08
1.70646e+08
1.70619e+08
1.70619e+08
1.70619e+08
1.70619e+08
1.70619e+08
1.70619e+08
1.70619e+08
1.70619e+08
1.70619e+08
1.70619e+08
1.70619e+08
1.70619e+08
1.70619e+08
1.70619e+08
1.70619e+08
1.70619e+08
1.70619e+08
1.70619e+08
1.70619e+08
1.70619e+08
1.70592e+08
1.70592e+08
1.70592e+08
1.70592e+08
1.70592e+08
1.70592e+08
1.70592e+08
1.70592e+08
1.70592e+08
1.70592e+08
1.70592e+08
1.70592e+08
1.70592e+08
1.70592e+08
1.70592e+08
1.70592e+08
1.70592e+08
1.70592e+08
1.70592e+08
1.70592e+08
1.70565e+08
1.70565e+08
1.70565e+08
1.70565e+08
1.70565e+08
1.70565e+08
1.70565e+08
1.70565e+08
1.70565e+08
1.70565e+08
1.70565e+08
1.70565e+08
1.70565e+08
1.70565e+08
1.70565e+08
1.70565e+08
1.70565e+08
1.70565e+08
1.70565e+08
1.70565e+08
1.70538e+08
1.70538e+08
1.70538e+08
1.70538e+08
1.70538e+08
1.70538e+08
1.70538e+08
1.70538e+08
1.70538e+08
1.70538e+08
1.70538e+08
1.70538e+08
1.70538e+08
1.70538e+08
1.70538e+08
1.70538e+08
1.70538e+08
1.70538e+08
1.70538e+08
1.70538e+08
1.70512e+08
1.70512e+08
1.70512e+08
1.70512e+08
1.70512e+08
1.70512e+08
1.70512e+08
1.70512e+08
1.70512e+08
1.70512e+08
1.70512e+08
1.70512e+08
1.70512e+08
1.70512e+08
1.70512e+08
1.70512e+08
1.70512e+08
1.70512e+08
1.70512e+08
1.70512e+08
1.70485e+08
1.70485e+08
1.70485e+08
1.70485e+08
1.70485e+08
1.70485e+08
1.70485e+08
1.70485e+08
1.70485e+08
1.70485e+08
1.70485e+08
1.70485e+08
1.70485e+08
1.70485e+08
1.70485e+08
1.70485e+08
1.70485e+08
1.70485e+08
1.70485e+08
1.70485e+08
1.70458e+08
1.70458e+08
1.70458e+08
1.70458e+08
1.70458e+08
1.70458e+08
1.70458e+08
1.70458e+08
1.70458e+08
1.70458e+08
1.70458e+08
1.70458e+08
1.70458e+08
1.70458e+08
1.70458e+08
1.70458e+08
1.70458e+08
1.70458e+08
1.70458e+08
1.70458e+08
1.70431e+08
1.70431e+08
1.70431e+08
1.70431e+08
1.70431e+08
1.70431e+08
1.70431e+08
1.70431e+08
1.70431e+08
1.70431e+08
1.70431e+08
1.70431e+08
1.70431e+08
1.70431e+08
1.70431e+08
1.70431e+08
1.70431e+08
1.70431e+08
1.70431e+08
1.70431e+08
1.70405e+08
1.70405e+08
1.70405e+08
1.70405e+08
1.70405e+08
1.70405e+08
1.70405e+08
1.70405e+08
1.70405e+08
1.70405e+08
1.70405e+08
1.70405e+08
1.70405e+08
1.70405e+08
1.70405e+08
1.70405e+08
1.70405e+08
1.70405e+08
1.70405e+08
1.70405e+08
1.70378e+08
1.70378e+08
1.70378e+08
1.70378e+08
1.70378e+08
1.70378e+08
1.70378e+08
1.70378e+08
1.70378e+08
1.70378e+08
1.70378e+08
1.70378e+08
1.70378e+08
1.70378e+08
1.70378e+08
1.70378e+08
1.70378e+08
1.70378e+08
1.70378e+08
1.70378e+08
1.70352e+08
1.70352e+08
1.70352e+08
1.70352e+08
1.70352e+08
1.70352e+08
1.70352e+08
1.70352e+08
1.70352e+08
1.70352e+08
1.70352e+08
1.70352e+08
1.70352e+08
1.70352e+08
1.70352e+08
1.70352e+08
1.70352e+08
1.70352e+08
1.70352e+08
1.70352e+08
1.70325e+08
1.70325e+08
1.70325e+08
1.70325e+08
1.70325e+08
1.70325e+08
1.70325e+08
1.70325e+08
1.70325e+08
1.70325e+08
1.70325e+08
1.70325e+08
1.70325e+08
1.70325e+08
1.70325e+08
1.70325e+08
1.70325e+08
1.70325e+08
1.70325e+08
1.70325e+08
1.703e+08
1.703e+08
1.703e+08
1.703e+08
1.703e+08
1.703e+08
1.703e+08
1.703e+08
1.703e+08
1.703e+08
1.703e+08
1.703e+08
1.703e+08
1.703e+08
1.703e+08
1.703e+08
1.703e+08
1.703e+08
1.703e+08
1.703e+08
1.70273e+08
1.70273e+08
1.70273e+08
1.70273e+08
1.70273e+08
1.70273e+08
1.70273e+08
1.70273e+08
1.70273e+08
1.70273e+08
1.70273e+08
1.70273e+08
1.70273e+08
1.70273e+08
1.70273e+08
1.70273e+08
1.70273e+08
1.70273e+08
1.70273e+08
1.70273e+08
1.70247e+08
1.70247e+08
1.70247e+08
1.70247e+08
1.70247e+08
1.70247e+08
1.70247e+08
1.70247e+08
1.70247e+08
1.70247e+08
1.70247e+08
1.70247e+08
1.70247e+08
1.70247e+08
1.70247e+08
1.70247e+08
1.70247e+08
1.70247e+08
1.70247e+08
1.70247e+08
1.70221e+08
1.70221e+08
1.70221e+08
1.70221e+08
1.70221e+08
1.70221e+08
1.70221e+08
1.70221e+08
1.70221e+08
1.70221e+08
1.70221e+08
1.70221e+08
1.70221e+08
1.70221e+08
1.70221e+08
1.70221e+08
1.70221e+08
1.70221e+08
1.70221e+08
1.70221e+08
1.70195e+08
1.70195e+08
1.70195e+08
1.70195e+08
1.70195e+08
1.70195e+08
1.70195e+08
1.70195e+08
1.70195e+08
1.70195e+08
1.70195e+08
1.70195e+08
1.70195e+08
1.70195e+08
1.70195e+08
1.70195e+08
1.70195e+08
1.70195e+08
1.70195e+08
1.70195e+08
1.70169e+08
1.70169e+08
1.70169e+08
1.70169e+08
1.70169e+08
1.70169e+08
1.70169e+08
1.70169e+08
1.70169e+08
1.70169e+08
1.70169e+08
1.70169e+08
1.70169e+08
1.70169e+08
1.70169e+08
1.70169e+08
1.70169e+08
1.70169e+08
1.70169e+08
1.70169e+08
1.70143e+08
1.70143e+08
1.70143e+08
1.70143e+08
1.70143e+08
1.70143e+08
1.70143e+08
1.70143e+08
1.70143e+08
1.70143e+08
1.70143e+08
1.70143e+08
1.70143e+08
1.70143e+08
1.70143e+08
1.70143e+08
1.70143e+08
1.70143e+08
1.70143e+08
1.70143e+08
1.70117e+08
1.70117e+08
1.70117e+08
1.70117e+08
1.70117e+08
1.70117e+08
1.70117e+08
1.70117e+08
1.70117e+08
1.70117e+08
1.70117e+08
1.70117e+08
1.70117e+08
1.70117e+08
1.70117e+08
1.70117e+08
1.70117e+08
1.70117e+08
1.70117e+08
1.70117e+08
1.7009e+08
1.7009e+08
1.7009e+08
1.7009e+08
1.7009e+08
1.7009e+08
1.7009e+08
1.7009e+08
1.7009e+08
1.7009e+08
1.7009e+08
1.7009e+08
1.7009e+08
1.7009e+08
1.7009e+08
1.7009e+08
1.7009e+08
1.7009e+08
1.7009e+08
1.7009e+08
1.70065e+08
1.70065e+08
1.70065e+08
1.70065e+08
1.70065e+08
1.70065e+08
1.70065e+08
1.70065e+08
1.70065e+08
1.70065e+08
1.70065e+08
1.70065e+08
1.70065e+08
1.70065e+08
1.70065e+08
1.70065e+08
1.70065e+08
1.70065e+08
1.70065e+08
1.70065e+08
1.70039e+08
1.70039e+08
1.70039e+08
1.70039e+08
1.70039e+08
1.70039e+08
1.70039e+08
1.70039e+08
1.70039e+08
1.70039e+08
1.70039e+08
1.70039e+08
1.70039e+08
1.70039e+08
1.70039e+08
1.70039e+08
1.70039e+08
1.70039e+08
1.70039e+08
1.70039e+08
1.70014e+08
1.70014e+08
1.70014e+08
1.70014e+08
1.70014e+08
1.70014e+08
1.70014e+08
1.70014e+08
1.70014e+08
1.70014e+08
1.70014e+08
1.70014e+08
1.70014e+08
1.70014e+08
1.70014e+08
1.70014e+08
1.70014e+08
1.70014e+08
1.70014e+08
1.70014e+08
1.69988e+08
1.69988e+08
1.69988e+08
1.69988e+08
1.69988e+08
1.69988e+08
1.69988e+08
1.69988e+08
1.69988e+08
1.69988e+08
1.69988e+08
1.69988e+08
1.69988e+08
1.69988e+08
1.69988e+08
1.69988e+08
1.69988e+08
1.69988e+08
1.69988e+08
1.69988e+08
1.69963e+08
1.69963e+08
1.69963e+08
1.69963e+08
1.69963e+08
1.69963e+08
1.69963e+08
1.69963e+08
1.69963e+08
1.69963e+08
1.69963e+08
1.69963e+08
1.69963e+08
1.69963e+08
1.69963e+08
1.69963e+08
1.69963e+08
1.69963e+08
1.69963e+08
1.69963e+08
1.69937e+08
1.69937e+08
1.69937e+08
1.69937e+08
1.69937e+08
1.69937e+08
1.69937e+08
1.69937e+08
1.69937e+08
1.69937e+08
1.69937e+08
1.69937e+08
1.69937e+08
1.69937e+08
1.69937e+08
1.69937e+08
1.69937e+08
1.69937e+08
1.69937e+08
1.69937e+08
1.69912e+08
1.69912e+08
1.69912e+08
1.69912e+08
1.69912e+08
1.69912e+08
1.69912e+08
1.69912e+08
1.69912e+08
1.69912e+08
1.69912e+08
1.69912e+08
1.69912e+08
1.69912e+08
1.69912e+08
1.69912e+08
1.69912e+08
1.69912e+08
1.69912e+08
1.69912e+08
1.69886e+08
1.69886e+08
1.69886e+08
1.69886e+08
1.69886e+08
1.69886e+08
1.69886e+08
1.69886e+08
1.69886e+08
1.69886e+08
1.69886e+08
1.69886e+08
1.69886e+08
1.69886e+08
1.69886e+08
1.69886e+08
1.69886e+08
1.69886e+08
1.69886e+08
1.69886e+08
1.69861e+08
1.69861e+08
1.69861e+08
1.69861e+08
1.69861e+08
1.69861e+08
1.69861e+08
1.69861e+08
1.69861e+08
1.69861e+08
1.69861e+08
1.69861e+08
1.69861e+08
1.69861e+08
1.69861e+08
1.69861e+08
1.69861e+08
1.69861e+08
1.69861e+08
1.69861e+08
1.69836e+08
1.69836e+08
1.69836e+08
1.69836e+08
1.69836e+08
1.69836e+08
1.69836e+08
1.69836e+08
1.69836e+08
1.69836e+08
1.69836e+08
1.69836e+08
1.69836e+08
1.69836e+08
1.69836e+08
1.69836e+08
1.69836e+08
1.69836e+08
1.69836e+08
1.69836e+08
)
;
    }
    cold
    {
        type            calculated;
        value           uniform 0;
    }
}


// ************************************************************************* //
