/*--------------------------------*- C++ -*----------------------------------*\
| =========                 |                                                 |
| \\      /  F ield         | OpenFOAM: The Open Source CFD Toolbox           |
|  \\    /   O peration     | Version:  2.3.1                                 |
|   \\  /    A nd           | Web:      www.OpenFOAM.org                      |
|    \\/     M anipulation  |                                                 |
\*---------------------------------------------------------------------------*/
FoamFile
{
    version     2.0;
    format      ascii;
    class       volScalarField;
    location    "0";
    object      wallHeatFlux;
}
// * * * * * * * * * * * * * * * * * * * * * * * * * * * * * * * * * * * * * //

dimensions      [1 0 -3 0 0 0 0];

internalField   uniform 0;

boundaryField
{
    inlet
    {
        type            calculated;
        value           nonuniform List<scalar> 
1200
(
70.96
70.96
70.96
70.96
70.96
70.96
70.96
70.96
70.96
70.96
70.96
70.96
70.96
70.96
70.96
70.96
70.96
70.96
70.96
70.96
70.96
70.96
70.96
70.96
70.96
70.96
70.96
70.96
70.96
70.96
70.96
70.96
70.96
70.96
70.96
70.96
70.96
70.96
70.96
70.96
70.96
70.96
70.96
70.96
70.96
70.96
70.96
70.96
70.96
70.96
70.96
70.96
70.96
70.96
70.96
70.96
70.96
70.96
70.96
70.96
70.96
70.96
70.96
70.96
70.96
70.96
70.96
70.96
70.96
70.96
70.96
70.96
70.96
70.96
70.96
70.96
70.96
70.96
70.96
70.96
70.96
70.96
70.96
70.96
70.96
70.96
70.96
70.96
70.96
70.96
70.96
70.96
70.96
70.96
70.96
70.96
70.96
70.96
70.96
70.96
70.96
70.96
70.96
70.96
70.96
70.96
70.96
70.96
70.96
70.96
70.96
70.96
70.96
70.96
70.96
70.96
70.96
70.96
70.96
70.96
70.96
70.96
70.96
70.96
70.96
70.96
70.96
70.96
70.96
70.96
70.96
70.96
70.96
70.96
70.96
70.96
70.96
70.96
70.96
70.96
70.96
70.96
70.96
70.96
70.96
70.96
70.96
70.96
70.96
70.96
70.96
70.96
70.96
70.96
70.96
70.96
70.96
70.96
70.96
70.96
70.96
70.96
70.96
70.96
70.96
70.96
70.96
70.96
70.96
70.96
70.96
70.96
70.96
70.96
70.96
70.96
70.96
70.96
70.96
70.96
70.96
70.96
70.96
70.96
70.96
70.96
70.96
70.96
70.96
70.96
70.96
70.96
70.96
70.96
70.96
70.96
70.96
70.96
70.96
70.96
70.96
70.96
70.96
70.96
70.96
70.96
70.96
70.96
70.96
70.96
70.96
70.96
70.96
70.96
70.96
70.96
70.96
70.96
70.96
70.96
70.96
70.96
70.96
70.96
70.96
70.96
70.96
70.96
70.96
70.96
70.96
70.96
70.96
70.96
70.96
70.96
70.96
70.96
70.96
70.96
70.96
70.96
70.96
70.96
70.96
70.96
70.96
70.96
70.96
70.96
70.96
70.96
70.96
70.96
70.96
70.96
70.96
70.96
70.96
70.96
70.96
70.96
70.96
70.96
70.96
70.96
70.96
70.96
70.96
70.96
70.96
70.96
70.96
70.96
70.96
70.96
70.96
70.96
70.96
70.96
70.96
70.96
70.96
70.96
70.96
70.96
70.96
70.96
70.96
70.96
70.96
70.96
70.96
70.96
70.96
70.96
70.96
70.96
70.96
70.96
70.96
70.96
70.96
70.96
70.96
70.96
70.96
70.96
70.96
70.96
70.96
70.96
70.96
70.96
70.96
70.96
70.96
70.96
70.96
70.96
70.96
70.96
70.96
70.96
70.96
70.96
70.96
70.96
70.96
70.96
70.96
70.96
70.96
70.96
70.96
70.96
70.96
70.96
70.96
70.96
70.96
70.96
70.96
70.96
70.96
70.96
70.96
70.96
70.96
70.96
70.96
70.96
70.96
70.96
70.96
70.96
70.96
70.96
70.96
70.96
70.96
70.96
70.96
70.96
70.96
70.96
70.96
70.96
70.96
70.96
70.96
70.96
70.96
70.96
70.96
70.96
70.96
70.96
70.96
70.96
70.96
70.96
70.96
70.96
70.96
70.96
70.96
70.96
70.96
70.96
70.96
70.96
70.96
70.96
70.96
70.96
70.96
70.96
70.96
70.96
70.96
70.96
70.96
70.96
70.96
70.96
70.96
70.96
70.96
70.96
70.96
70.96
70.96
70.96
70.96
70.96
70.96
70.96
70.96
70.96
70.96
70.96
70.96
70.96
70.96
70.96
70.96
70.96
70.96
70.96
70.96
70.96
70.96
70.96
70.96
70.96
70.96
70.96
70.96
70.96
70.96
70.96
70.96
70.96
70.96
70.96
70.96
70.96
70.96
70.96
70.96
70.96
70.96
70.96
70.96
70.96
70.96
70.96
70.96
70.96
70.96
70.96
70.96
70.96
70.96
70.96
70.96
70.96
70.96
70.96
70.96
70.96
70.96
70.96
70.96
70.96
70.96
70.96
70.96
70.96
70.96
70.96
70.96
70.96
70.96
70.96
70.96
70.96
70.96
70.96
70.96
70.96
70.96
70.96
70.96
70.96
70.96
70.96
70.96
70.96
70.96
70.96
70.96
70.96
70.96
70.96
70.96
70.96
70.96
70.96
70.96
70.96
70.96
70.96
70.96
70.96
70.96
70.96
70.96
70.96
70.96
70.96
70.96
70.96
70.96
70.96
70.96
70.96
70.96
70.96
70.96
70.96
70.96
70.96
70.96
70.96
70.96
70.96
70.96
70.96
70.96
70.96
70.96
70.96
70.96
70.96
70.96
70.96
70.96
70.96
70.96
70.96
70.96
70.96
70.96
70.96
70.96
70.96
70.96
70.96
70.96
70.96
70.96
70.96
70.96
70.96
70.96
70.96
70.96
70.96
70.96
70.96
70.96
70.96
70.96
70.96
70.96
70.96
70.96
70.96
70.96
70.96
70.96
70.96
70.96
70.96
70.96
70.96
70.96
70.96
70.96
70.96
70.96
70.96
70.96
70.96
70.96
70.96
70.96
70.96
70.96
70.96
70.96
70.96
70.96
70.96
70.96
70.96
70.96
70.96
70.96
70.96
70.96
70.96
70.96
70.96
70.96
70.96
70.96
70.96
70.96
70.96
70.96
70.96
70.96
70.96
70.96
70.96
70.96
70.96
70.96
70.96
70.96
70.96
70.96
70.96
70.96
70.96
70.96
70.96
70.96
70.96
70.96
70.96
70.96
70.96
70.96
70.96
70.96
70.96
70.96
70.96
70.96
70.96
70.96
70.96
70.96
70.96
70.96
70.96
70.96
70.96
70.96
70.96
70.96
70.96
70.96
70.96
70.96
70.96
70.96
70.96
70.96
70.96
70.96
70.96
70.96
70.96
70.96
70.96
70.96
70.96
70.96
70.96
70.96
70.96
70.96
70.96
70.96
70.96
70.96
70.96
70.96
70.96
70.96
70.96
70.96
70.96
70.96
70.96
70.96
70.96
70.96
70.96
70.96
70.96
70.96
70.96
70.96
70.96
70.96
70.96
70.96
70.96
70.96
70.96
70.96
70.96
70.96
70.96
70.96
70.96
70.96
70.96
70.96
70.96
70.96
70.96
70.96
70.96
70.96
70.96
70.96
70.96
70.96
70.96
70.96
70.96
70.96
70.96
70.96
70.96
70.96
70.96
70.96
70.96
70.96
70.96
70.96
70.96
70.96
70.96
70.96
70.96
70.96
70.96
70.96
70.96
70.96
70.96
70.96
70.96
70.96
70.96
70.96
70.96
70.96
70.96
70.96
70.96
70.96
70.96
70.96
70.96
70.96
70.96
70.96
70.96
70.96
70.96
70.96
70.96
70.96
70.96
70.96
70.96
70.96
70.96
70.96
70.96
70.96
70.96
70.96
70.96
70.96
70.96
70.96
70.96
70.96
70.96
70.96
70.96
70.96
70.96
70.96
70.96
70.96
70.96
70.96
70.96
70.96
70.96
70.96
70.96
70.96
70.96
70.96
70.96
70.96
70.96
70.96
70.96
70.96
70.96
70.96
70.96
70.96
70.96
70.96
70.96
70.96
70.96
70.96
70.96
70.96
70.96
70.96
70.96
70.96
70.96
70.96
70.96
70.96
70.96
70.96
70.96
70.96
70.96
70.96
70.96
70.96
70.96
70.96
70.96
70.96
70.96
70.96
70.96
70.96
70.96
70.96
70.96
70.96
70.96
70.96
70.96
70.96
70.96
70.96
70.96
70.96
70.96
70.96
70.96
70.96
70.96
70.96
70.96
70.96
70.96
70.96
70.96
70.96
70.96
70.96
70.96
70.96
70.96
70.96
70.96
70.96
70.96
70.96
70.96
70.96
70.96
70.96
70.96
70.96
70.96
70.96
70.96
70.96
70.96
70.96
70.96
70.96
70.96
70.96
70.96
70.96
70.96
70.96
70.96
70.96
70.96
70.96
70.96
70.96
70.96
70.96
70.96
70.96
70.96
70.96
70.96
70.96
70.96
70.96
70.96
70.96
70.96
70.96
70.96
70.96
70.96
70.96
70.96
70.96
70.96
70.96
70.96
70.96
70.96
70.96
70.96
70.96
70.96
70.96
70.96
70.96
70.96
70.96
70.96
70.96
70.96
70.96
70.96
70.96
70.96
70.96
70.96
70.96
70.96
70.96
70.96
70.96
70.96
70.96
70.96
70.96
70.96
70.96
70.96
70.96
70.96
70.96
70.96
70.96
70.96
70.96
70.96
70.96
70.96
70.96
70.96
70.96
70.96
70.96
70.96
70.96
70.96
70.96
70.96
70.96
70.96
70.96
70.96
70.96
70.96
70.96
70.96
70.96
70.96
70.96
70.96
70.96
70.96
70.96
70.96
70.96
70.96
70.96
70.96
70.96
70.96
70.96
70.96
70.96
70.96
70.96
70.96
70.96
70.96
70.96
70.96
70.96
70.96
70.96
70.96
70.96
70.96
70.96
70.96
70.96
70.96
70.96
70.96
70.96
70.96
70.96
70.96
70.96
70.96
70.96
70.96
70.96
70.96
70.96
70.96
70.96
70.96
70.96
70.96
70.96
70.96
70.96
70.96
70.96
70.96
70.96
70.96
70.96
70.96
70.96
70.96
70.96
70.96
70.96
70.96
70.96
70.96
70.96
70.96
70.96
70.96
70.96
70.96
70.96
70.96
70.96
70.96
70.96
70.96
70.96
70.96
70.96
70.96
70.96
70.96
70.96
70.96
70.96
70.96
70.96
70.96
70.96
70.96
70.96
70.96
70.96
70.96
70.96
70.96
70.96
70.96
70.96
70.96
70.96
70.96
70.96
70.96
70.96
70.96
70.96
70.96
70.96
70.96
70.96
70.96
70.96
70.96
70.96
70.96
70.96
70.96
70.96
70.96
70.96
70.96
70.96
70.96
70.96
70.96
70.96
70.96
70.96
70.96
70.96
70.96
70.96
70.96
70.96
70.96
70.96
70.96
70.96
70.96
70.96
70.96
70.96
70.96
70.96
70.96
70.96
70.96
70.96
70.96
70.96
70.96
70.96
70.96
70.96
70.96
70.96
70.96
70.96
70.96
70.96
70.96
70.96
70.96
70.96
70.96
70.96
70.96
70.96
70.96
70.96
70.96
70.96
70.96
70.96
70.96
70.96
70.96
70.96
70.96
70.96
70.96
70.96
70.96
70.96
70.96
70.96
70.96
70.96
70.96
70.96
70.96
)
;
    }
    outlet
    {
        type            calculated;
        value           nonuniform List<scalar> 
1200
(
-3.03609
-3.03609
-3.03609
-3.03609
-3.03609
-3.03609
-3.03609
-3.03609
-3.03609
-3.03609
-3.03609
-3.03609
-3.03609
-3.03609
-3.03609
-3.03609
-3.03609
-3.03609
-3.03609
-3.03609
-3.03609
-3.03609
-3.03609
-3.03609
-3.03609
-3.03609
-3.03609
-3.03609
-3.03609
-3.03609
-3.03609
-3.03609
-3.03609
-3.03609
-3.03609
-3.03609
-3.03609
-3.03609
-3.03609
-3.03609
-3.03609
-3.03609
-3.03609
-3.03609
-3.03609
-3.03609
-3.03609
-3.03609
-3.03609
-3.03609
-3.03609
-3.03609
-3.03609
-3.03609
-3.03609
-3.03609
-3.03609
-3.03609
-3.03609
-3.03609
-3.03609
-3.03609
-3.03609
-3.03609
-3.03609
-3.03609
-3.03609
-3.03609
-3.03609
-3.03609
-3.03609
-3.03609
-3.03609
-3.03609
-3.03609
-3.03609
-3.03609
-3.03609
-3.03609
-3.03609
-3.03609
-3.03609
-3.03609
-3.03609
-3.03609
-3.03609
-3.03609
-3.03609
-3.03609
-3.03609
-3.03609
-3.03609
-3.03609
-3.03609
-3.03609
-3.03609
-3.03609
-3.03609
-3.03609
-3.03609
-3.03609
-3.03609
-3.03609
-3.03609
-3.03609
-3.03609
-3.03609
-3.03609
-3.03609
-3.03609
-3.03609
-3.03609
-3.03609
-3.03609
-3.03609
-3.03609
-3.03609
-3.03609
-3.03609
-3.03609
-3.03609
-3.03609
-3.03609
-3.03609
-3.03609
-3.03609
-3.03609
-3.03609
-3.03609
-3.03609
-3.03609
-3.03609
-3.03609
-3.03609
-3.03609
-3.03609
-3.03609
-3.03609
-3.03609
-3.03609
-3.03609
-3.03609
-3.03609
-3.03609
-3.03609
-3.03609
-3.03609
-3.03609
-3.03609
-3.03609
-3.03609
-3.03609
-3.03609
-3.03609
-3.03609
-3.03609
-3.03609
-3.03609
-3.03609
-3.03609
-3.03609
-3.03609
-3.03609
-3.03609
-3.03609
-3.03609
-3.03609
-3.03609
-3.03609
-3.03609
-3.03609
-3.03609
-3.03609
-3.03609
-3.03609
-3.03609
-3.03609
-3.03609
-3.03609
-3.03609
-3.03609
-3.03609
-3.03609
-3.03609
-3.03609
-3.03609
-3.03609
-3.03609
-3.03609
-3.03609
-3.03609
-3.03609
-3.03609
-3.03609
-3.03609
-3.03609
-3.03609
-3.03609
-3.03609
-3.03609
-3.03609
-3.03609
-3.03609
-3.03609
-3.03609
-3.03609
-3.03609
-3.03609
-3.03609
-3.03609
-3.03609
-3.03609
-3.03609
-3.03609
-3.03609
-3.03609
-3.03609
-3.03609
-3.03609
-3.03609
-3.03609
-3.03609
-3.03609
-3.03609
-3.03609
-3.03609
-3.03609
-3.03609
-3.03609
-3.03609
-3.03609
-3.03609
-3.03609
-3.03609
-3.03609
-3.03609
-3.03609
-3.03609
-3.03609
-3.03609
-3.03609
-3.03609
-3.03609
-3.03609
-3.03609
-3.03609
-3.03609
-3.03609
-3.03609
-3.03609
-3.03609
-3.03609
-3.03609
-3.03609
-3.03609
-3.03609
-3.03609
-3.03609
-3.03609
-3.03609
-3.03609
-3.03609
-3.03609
-3.03609
-3.03609
-3.03609
-3.03609
-3.03609
-3.03609
-3.03609
-3.03609
-3.03609
-3.03609
-3.03609
-3.03609
-3.03609
-3.03609
-3.03609
-3.03609
-3.03609
-3.03609
-3.03609
-3.03609
-3.03609
-3.03609
-3.03609
-3.03609
-3.03609
-3.03609
-3.03609
-3.03609
-3.03609
-3.03609
-3.03609
-3.03609
-3.03609
-3.03609
-3.03609
-3.03609
-3.03609
-3.03609
-3.03609
-3.03609
-3.03609
-3.03609
-3.03609
-3.03609
-3.03609
-3.03609
-3.03609
-3.03609
-3.03609
-3.03609
-3.03609
-3.03609
-3.03609
-3.03609
-3.03609
-3.03609
-3.03609
-3.03609
-3.03609
-3.03609
-3.03609
-3.03609
-3.03609
-3.03609
-3.03609
-3.03609
-3.03609
-3.03609
-3.03609
-3.03609
-3.03609
-3.03609
-3.03609
-3.03609
-3.03609
-3.03609
-3.03609
-3.03609
-3.03609
-3.03609
-3.03609
-3.03609
-3.03609
-3.03609
-3.03609
-3.03609
-3.03609
-3.03609
-3.03609
-3.03609
-3.03609
-3.03609
-3.03609
-3.03609
-3.03609
-3.03609
-3.03609
-3.03609
-3.03609
-3.03609
-3.03609
-3.03609
-3.03609
-3.03609
-3.03609
-3.03609
-3.03609
-3.03609
-3.03609
-3.03609
-3.03609
-3.03609
-3.03609
-3.03609
-3.03609
-3.03609
-3.03609
-3.03609
-3.03609
-3.03609
-3.03609
-3.03609
-3.03609
-3.03609
-3.03609
-3.03609
-3.03609
-3.03609
-3.03609
-3.03609
-3.03609
-3.03609
-3.03609
-3.03609
-3.03609
-3.03609
-3.03609
-3.03609
-3.03609
-3.03609
-3.03609
-3.03609
-3.03609
-3.03609
-3.03609
-3.03609
-3.03609
-3.03609
-3.03609
-3.03609
-3.03609
-3.03609
-3.03609
-3.03609
-3.03609
-3.03609
-3.03609
-3.03609
-3.03609
-3.03609
-3.03609
-3.03609
-3.03609
-3.03609
-3.03609
-3.03609
-3.03609
-3.03609
-3.03609
-3.03609
-3.03609
-3.03609
-3.03609
-3.03609
-3.03609
-3.03609
-3.03609
-3.03609
-3.03609
-3.03609
-3.03609
-3.03609
-3.03609
-3.03609
-3.03609
-3.03609
-3.03609
-3.03609
-3.03609
-3.03609
-3.03609
-3.03609
-3.03609
-3.03609
-3.03609
-3.03609
-3.03609
-3.03609
-3.03609
-3.03609
-3.03609
-3.03609
-3.03609
-3.03609
-3.03609
-3.03609
-3.03609
-3.03609
-3.03609
-3.03609
-3.03609
-3.03609
-3.03609
-3.03609
-3.03609
-3.03609
-3.03609
-3.03609
-3.03609
-3.03609
-3.03609
-3.03609
-3.03609
-3.03609
-3.03609
-3.03609
-3.03609
-3.03609
-3.03609
-3.03609
-3.03609
-3.03609
-3.03609
-3.03609
-3.03609
-3.03609
-3.03609
-3.03609
-3.03609
-3.03609
-3.03609
-3.03609
-3.03609
-3.03609
-3.03609
-3.03609
-3.03609
-3.03609
-3.03609
-3.03609
-3.03609
-3.03609
-3.03609
-3.03609
-3.03609
-3.03609
-3.03609
-3.03609
-3.03609
-3.03609
-3.03609
-3.03609
-3.03609
-3.03609
-3.03609
-3.03609
-3.03609
-3.03609
-3.03609
-3.03609
-3.03609
-3.03609
-3.03609
-3.03609
-3.03609
-3.03609
-3.03609
-3.03609
-3.03609
-3.03609
-3.03609
-3.03609
-3.03609
-3.03609
-3.03609
-3.03609
-3.03609
-3.03609
-3.03609
-3.03609
-3.03609
-3.03609
-3.03609
-3.03609
-3.03609
-3.03609
-3.03609
-3.03609
-3.03609
-3.03609
-3.03609
-3.03609
-3.03609
-3.03609
-3.03609
-3.03609
-3.03609
-3.03609
-3.03609
-3.03609
-3.03609
-3.03609
-3.03609
-3.03609
-3.03609
-3.03609
-3.03609
-3.03609
-3.03609
-3.03609
-3.03609
-3.03609
-3.03609
-3.03609
-3.03609
-3.03609
-3.03609
-3.03609
-3.03609
-3.03609
-3.03609
-3.03609
-3.03609
-3.03609
-3.03609
-3.03609
-3.03609
-3.03609
-3.03609
-3.03609
-3.03609
-3.03609
-3.03609
-3.03609
-3.03609
-3.03609
-3.03609
-3.03609
-3.03609
-3.03609
-3.03609
-3.03609
-3.03609
-3.03609
-3.03609
-3.03609
-3.03609
-3.03609
-3.03609
-3.03609
-3.03609
-3.03609
-3.03609
-3.03609
-3.03609
-3.03609
-3.03609
-3.03609
-3.03609
-3.03609
-3.03609
-3.03609
-3.03609
-3.03609
-3.03609
-3.03609
-3.03609
-3.03609
-3.03609
-3.03609
-3.03609
-3.03609
-3.03609
-3.03609
-3.03609
-3.03609
-3.03609
-3.03609
-3.03609
-3.03609
-3.03609
-3.03609
-3.03609
-3.03609
-3.03609
-3.03609
-3.03609
-3.03609
-3.03609
-3.03609
-3.03609
-3.03609
-3.03609
-3.03609
-3.03609
-3.03609
-3.03609
-3.03609
-3.03609
-3.03609
-3.03609
-3.03609
-3.03609
-3.03609
-3.03609
-3.03609
-3.03609
-3.03609
-3.03609
-3.03609
-3.03609
-3.03609
-3.03609
-3.03609
-3.03609
-3.03609
-3.03609
-3.03609
-3.03609
-3.03609
-3.03609
-3.03609
-3.03609
-3.03609
-3.03609
-3.03609
-3.03609
-3.03609
-3.03609
-3.03609
-3.03609
-3.03609
-3.03609
-3.03609
-3.03609
-3.03609
-3.03609
-3.03609
-3.03609
-3.03609
-3.03609
-3.03609
-3.03609
-3.03609
-3.03609
-3.03609
-3.03609
-3.03609
-3.03609
-3.03609
-3.03609
-3.03609
-3.03609
-3.03609
-3.03609
-3.03609
-3.03609
-3.03609
-3.03609
-3.03609
-3.03609
-3.03609
-3.03609
-3.03609
-3.03609
-3.03609
-3.03609
-3.03609
-3.03609
-3.03609
-3.03609
-3.03609
-3.03609
-3.03609
-3.03609
-3.03609
-3.03609
-3.03609
-3.03609
-3.03609
-3.03609
-3.03609
-3.03609
-3.03609
-3.03609
-3.03609
-3.03609
-3.03609
-3.03609
-3.03609
-3.03609
-3.03609
-3.03609
-3.03609
-3.03609
-3.03609
-3.03609
-3.03609
-3.03609
-3.03609
-3.03609
-3.03609
-3.03609
-3.03609
-3.03609
-3.03609
-3.03609
-3.03609
-3.03609
-3.03609
-3.03609
-3.03609
-3.03609
-3.03609
-3.03609
-3.03609
-3.03609
-3.03609
-3.03609
-3.03609
-3.03609
-3.03609
-3.03609
-3.03609
-3.03609
-3.03609
-3.03609
-3.03609
-3.03609
-3.03609
-3.03609
-3.03609
-3.03609
-3.03609
-3.03609
-3.03609
-3.03609
-3.03609
-3.03609
-3.03609
-3.03609
-3.03609
-3.03609
-3.03609
-3.03609
-3.03609
-3.03609
-3.03609
-3.03609
-3.03609
-3.03609
-3.03609
-3.03609
-3.03609
-3.03609
-3.03609
-3.03609
-3.03609
-3.03609
-3.03609
-3.03609
-3.03609
-3.03609
-3.03609
-3.03609
-3.03609
-3.03609
-3.03609
-3.03609
-3.03609
-3.03609
-3.03609
-3.03609
-3.03609
-3.03609
-3.03609
-3.03609
-3.03609
-3.03609
-3.03609
-3.03609
-3.03609
-3.03609
-3.03609
-3.03609
-3.03609
-3.03609
-3.03609
-3.03609
-3.03609
-3.03609
-3.03609
-3.03609
-3.03609
-3.03609
-3.03609
-3.03609
-3.03609
-3.03609
-3.03609
-3.03609
-3.03609
-3.03609
-3.03609
-3.03609
-3.03609
-3.03609
-3.03609
-3.03609
-3.03609
-3.03609
-3.03609
-3.03609
-3.03609
-3.03609
-3.03609
-3.03609
-3.03609
-3.03609
-3.03609
-3.03609
-3.03609
-3.03609
-3.03609
-3.03609
-3.03609
-3.03609
-3.03609
-3.03609
-3.03609
-3.03609
-3.03609
-3.03609
-3.03609
-3.03609
-3.03609
-3.03609
-3.03609
-3.03609
-3.03609
-3.03609
-3.03609
-3.03609
-3.03609
-3.03609
-3.03609
-3.03609
-3.03609
-3.03609
-3.03609
-3.03609
-3.03609
-3.03609
-3.03609
-3.03609
-3.03609
-3.03609
-3.03609
-3.03609
-3.03609
-3.03609
-3.03609
-3.03609
-3.03609
-3.03609
-3.03609
-3.03609
-3.03609
-3.03609
-3.03609
-3.03609
-3.03609
-3.03609
-3.03609
-3.03609
-3.03609
-3.03609
-3.03609
-3.03609
-3.03609
-3.03609
-3.03609
-3.03609
-3.03609
-3.03609
-3.03609
-3.03609
-3.03609
-3.03609
-3.03609
-3.03609
-3.03609
-3.03609
-3.03609
-3.03609
-3.03609
-3.03609
-3.03609
-3.03609
-3.03609
-3.03609
-3.03609
-3.03609
-3.03609
-3.03609
-3.03609
-3.03609
-3.03609
-3.03609
-3.03609
-3.03609
-3.03609
-3.03609
-3.03609
-3.03609
-3.03609
-3.03609
-3.03609
-3.03609
-3.03609
-3.03609
-3.03609
-3.03609
-3.03609
-3.03609
-3.03609
-3.03609
-3.03609
-3.03609
-3.03609
-3.03609
-3.03609
-3.03609
-3.03609
-3.03609
-3.03609
-3.03609
-3.03609
-3.03609
-3.03609
-3.03609
-3.03609
-3.03609
-3.03609
-3.03609
-3.03609
-3.03609
-3.03609
-3.03609
-3.03609
-3.03609
-3.03609
-3.03609
-3.03609
-3.03609
-3.03609
-3.03609
-3.03609
-3.03609
-3.03609
-3.03609
-3.03609
-3.03609
-3.03609
-3.03609
-3.03609
-3.03609
-3.03609
-3.03609
-3.03609
-3.03609
-3.03609
-3.03609
-3.03609
-3.03609
-3.03609
-3.03609
-3.03609
-3.03609
-3.03609
-3.03609
-3.03609
-3.03609
-3.03609
-3.03609
-3.03609
-3.03609
-3.03609
-3.03609
-3.03609
-3.03609
-3.03609
-3.03609
-3.03609
-3.03609
-3.03609
-3.03609
-3.03609
-3.03609
-3.03609
-3.03609
-3.03609
-3.03609
-3.03609
-3.03609
-3.03609
-3.03609
-3.03609
-3.03609
-3.03609
-3.03609
-3.03609
-3.03609
-3.03609
-3.03609
-3.03609
-3.03609
-3.03609
-3.03609
-3.03609
-3.03609
-3.03609
-3.03609
-3.03609
-3.03609
-3.03609
-3.03609
-3.03609
-3.03609
-3.03609
-3.03609
-3.03609
-3.03609
-3.03609
-3.03609
-3.03609
-3.03609
-3.03609
-3.03609
-3.03609
-3.03609
-3.03609
-3.03609
-3.03609
-3.03609
-3.03609
-3.03609
-3.03609
-3.03609
-3.03609
-3.03609
-3.03609
-3.03609
-3.03609
-3.03609
-3.03609
-3.03609
-3.03609
-3.03609
-3.03609
-3.03609
-3.03609
-3.03609
-3.03609
-3.03609
-3.03609
-3.03609
-3.03609
-3.03609
-3.03609
-3.03609
-3.03609
-3.03609
-3.03609
-3.03609
-3.03609
-3.03609
-3.03609
-3.03609
-3.03609
-3.03609
-3.03609
-3.03609
-3.03609
-3.03609
-3.03609
-3.03609
-3.03609
-3.03609
-3.03609
-3.03609
-3.03609
-3.03609
-3.03609
-3.03609
-3.03609
-3.03609
-3.03609
-3.03609
-3.03609
-3.03609
-3.03609
-3.03609
-3.03609
-3.03609
-3.03609
-3.03609
-3.03609
-3.03609
-3.03609
-3.03609
-3.03609
-3.03609
-3.03609
-3.03609
-3.03609
-3.03609
-3.03609
-3.03609
-3.03609
-3.03609
-3.03609
-3.03609
-3.03609
-3.03609
-3.03609
-3.03609
)
;
    }
    middlePlane
    {
        type            symmetryPlane;
    }
    sideWall
    {
        type            calculated;
        value           nonuniform List<scalar> 
1920
(
2.18424e+08
2.18424e+08
2.18424e+08
2.18424e+08
2.18424e+08
2.18424e+08
2.18424e+08
2.18424e+08
2.18424e+08
2.18424e+08
2.18424e+08
2.18424e+08
2.18424e+08
2.18424e+08
2.18424e+08
2.18424e+08
2.18424e+08
2.18424e+08
2.18424e+08
2.18424e+08
2.18424e+08
2.18424e+08
2.18424e+08
2.18424e+08
2.18424e+08
2.18424e+08
2.18424e+08
2.18424e+08
2.18424e+08
2.18424e+08
2.18424e+08
2.18424e+08
2.18424e+08
2.18424e+08
2.18424e+08
2.18424e+08
2.18424e+08
2.18424e+08
2.18424e+08
2.18424e+08
2.18424e+08
2.18424e+08
2.18424e+08
2.18424e+08
2.18424e+08
2.18424e+08
2.18424e+08
2.18424e+08
2.18424e+08
2.18424e+08
2.18424e+08
2.18424e+08
2.18424e+08
2.18424e+08
2.18424e+08
2.18424e+08
2.18424e+08
2.18424e+08
2.18424e+08
2.18424e+08
2.18468e+08
2.18468e+08
2.18468e+08
2.18468e+08
2.18468e+08
2.18468e+08
2.18468e+08
2.18468e+08
2.18468e+08
2.18468e+08
2.18468e+08
2.18468e+08
2.18468e+08
2.18468e+08
2.18468e+08
2.18468e+08
2.18468e+08
2.18468e+08
2.18468e+08
2.18468e+08
2.18468e+08
2.18468e+08
2.18468e+08
2.18468e+08
2.18468e+08
2.18468e+08
2.18468e+08
2.18468e+08
2.18468e+08
2.18468e+08
2.18468e+08
2.18468e+08
2.18468e+08
2.18468e+08
2.18468e+08
2.18468e+08
2.18468e+08
2.18468e+08
2.18468e+08
2.18468e+08
2.18468e+08
2.18468e+08
2.18468e+08
2.18468e+08
2.18468e+08
2.18468e+08
2.18468e+08
2.18468e+08
2.18468e+08
2.18468e+08
2.18468e+08
2.18468e+08
2.18468e+08
2.18468e+08
2.18468e+08
2.18468e+08
2.18468e+08
2.18468e+08
2.18468e+08
2.18468e+08
2.18513e+08
2.18513e+08
2.18513e+08
2.18513e+08
2.18513e+08
2.18513e+08
2.18513e+08
2.18513e+08
2.18513e+08
2.18513e+08
2.18513e+08
2.18513e+08
2.18513e+08
2.18513e+08
2.18513e+08
2.18513e+08
2.18513e+08
2.18513e+08
2.18513e+08
2.18513e+08
2.18513e+08
2.18513e+08
2.18513e+08
2.18513e+08
2.18513e+08
2.18513e+08
2.18513e+08
2.18513e+08
2.18513e+08
2.18513e+08
2.18513e+08
2.18513e+08
2.18513e+08
2.18513e+08
2.18513e+08
2.18513e+08
2.18513e+08
2.18513e+08
2.18513e+08
2.18513e+08
2.18513e+08
2.18513e+08
2.18513e+08
2.18513e+08
2.18513e+08
2.18513e+08
2.18513e+08
2.18513e+08
2.18513e+08
2.18513e+08
2.18513e+08
2.18513e+08
2.18513e+08
2.18513e+08
2.18513e+08
2.18513e+08
2.18513e+08
2.18513e+08
2.18513e+08
2.18513e+08
2.18557e+08
2.18557e+08
2.18557e+08
2.18557e+08
2.18557e+08
2.18557e+08
2.18557e+08
2.18557e+08
2.18557e+08
2.18557e+08
2.18557e+08
2.18557e+08
2.18557e+08
2.18557e+08
2.18557e+08
2.18557e+08
2.18557e+08
2.18557e+08
2.18557e+08
2.18557e+08
2.18557e+08
2.18557e+08
2.18557e+08
2.18557e+08
2.18557e+08
2.18557e+08
2.18557e+08
2.18557e+08
2.18557e+08
2.18557e+08
2.18557e+08
2.18557e+08
2.18557e+08
2.18557e+08
2.18557e+08
2.18557e+08
2.18557e+08
2.18557e+08
2.18557e+08
2.18557e+08
2.18557e+08
2.18557e+08
2.18557e+08
2.18557e+08
2.18557e+08
2.18557e+08
2.18557e+08
2.18557e+08
2.18557e+08
2.18557e+08
2.18557e+08
2.18557e+08
2.18557e+08
2.18557e+08
2.18557e+08
2.18557e+08
2.18557e+08
2.18557e+08
2.18557e+08
2.18557e+08
2.18602e+08
2.18602e+08
2.18602e+08
2.18602e+08
2.18602e+08
2.18602e+08
2.18602e+08
2.18602e+08
2.18602e+08
2.18602e+08
2.18602e+08
2.18602e+08
2.18602e+08
2.18602e+08
2.18602e+08
2.18602e+08
2.18602e+08
2.18602e+08
2.18602e+08
2.18602e+08
2.18602e+08
2.18602e+08
2.18602e+08
2.18602e+08
2.18602e+08
2.18602e+08
2.18602e+08
2.18602e+08
2.18602e+08
2.18602e+08
2.18602e+08
2.18602e+08
2.18602e+08
2.18602e+08
2.18602e+08
2.18602e+08
2.18602e+08
2.18602e+08
2.18602e+08
2.18602e+08
2.18602e+08
2.18602e+08
2.18602e+08
2.18602e+08
2.18602e+08
2.18602e+08
2.18602e+08
2.18602e+08
2.18602e+08
2.18602e+08
2.18602e+08
2.18602e+08
2.18602e+08
2.18602e+08
2.18602e+08
2.18602e+08
2.18602e+08
2.18602e+08
2.18602e+08
2.18602e+08
2.18647e+08
2.18647e+08
2.18647e+08
2.18647e+08
2.18647e+08
2.18647e+08
2.18647e+08
2.18647e+08
2.18647e+08
2.18647e+08
2.18647e+08
2.18647e+08
2.18647e+08
2.18647e+08
2.18647e+08
2.18647e+08
2.18647e+08
2.18647e+08
2.18647e+08
2.18647e+08
2.18647e+08
2.18647e+08
2.18647e+08
2.18647e+08
2.18647e+08
2.18647e+08
2.18647e+08
2.18647e+08
2.18647e+08
2.18647e+08
2.18647e+08
2.18647e+08
2.18647e+08
2.18647e+08
2.18647e+08
2.18647e+08
2.18647e+08
2.18647e+08
2.18647e+08
2.18647e+08
2.18647e+08
2.18647e+08
2.18647e+08
2.18647e+08
2.18647e+08
2.18647e+08
2.18647e+08
2.18647e+08
2.18647e+08
2.18647e+08
2.18647e+08
2.18647e+08
2.18647e+08
2.18647e+08
2.18647e+08
2.18647e+08
2.18647e+08
2.18647e+08
2.18647e+08
2.18647e+08
2.18693e+08
2.18693e+08
2.18693e+08
2.18693e+08
2.18693e+08
2.18693e+08
2.18693e+08
2.18693e+08
2.18693e+08
2.18693e+08
2.18693e+08
2.18693e+08
2.18693e+08
2.18693e+08
2.18693e+08
2.18693e+08
2.18693e+08
2.18693e+08
2.18693e+08
2.18693e+08
2.18693e+08
2.18693e+08
2.18693e+08
2.18693e+08
2.18693e+08
2.18693e+08
2.18693e+08
2.18693e+08
2.18693e+08
2.18693e+08
2.18693e+08
2.18693e+08
2.18693e+08
2.18693e+08
2.18693e+08
2.18693e+08
2.18693e+08
2.18693e+08
2.18693e+08
2.18693e+08
2.18693e+08
2.18693e+08
2.18693e+08
2.18693e+08
2.18693e+08
2.18693e+08
2.18693e+08
2.18693e+08
2.18693e+08
2.18693e+08
2.18693e+08
2.18693e+08
2.18693e+08
2.18693e+08
2.18693e+08
2.18693e+08
2.18693e+08
2.18693e+08
2.18693e+08
2.18693e+08
2.18739e+08
2.18739e+08
2.18739e+08
2.18739e+08
2.18739e+08
2.18739e+08
2.18739e+08
2.18739e+08
2.18739e+08
2.18739e+08
2.18739e+08
2.18739e+08
2.18739e+08
2.18739e+08
2.18739e+08
2.18739e+08
2.18739e+08
2.18739e+08
2.18739e+08
2.18739e+08
2.18739e+08
2.18739e+08
2.18739e+08
2.18739e+08
2.18739e+08
2.18739e+08
2.18739e+08
2.18739e+08
2.18739e+08
2.18739e+08
2.18739e+08
2.18739e+08
2.18739e+08
2.18739e+08
2.18739e+08
2.18739e+08
2.18739e+08
2.18739e+08
2.18739e+08
2.18739e+08
2.18739e+08
2.18739e+08
2.18739e+08
2.18739e+08
2.18739e+08
2.18739e+08
2.18739e+08
2.18739e+08
2.18739e+08
2.18739e+08
2.18739e+08
2.18739e+08
2.18739e+08
2.18739e+08
2.18739e+08
2.18739e+08
2.18739e+08
2.18739e+08
2.18739e+08
2.18739e+08
2.18785e+08
2.18785e+08
2.18785e+08
2.18785e+08
2.18785e+08
2.18785e+08
2.18785e+08
2.18785e+08
2.18785e+08
2.18785e+08
2.18785e+08
2.18785e+08
2.18785e+08
2.18785e+08
2.18785e+08
2.18785e+08
2.18785e+08
2.18785e+08
2.18785e+08
2.18785e+08
2.18785e+08
2.18785e+08
2.18785e+08
2.18785e+08
2.18785e+08
2.18785e+08
2.18785e+08
2.18785e+08
2.18785e+08
2.18785e+08
2.18785e+08
2.18785e+08
2.18785e+08
2.18785e+08
2.18785e+08
2.18785e+08
2.18785e+08
2.18785e+08
2.18785e+08
2.18785e+08
2.18785e+08
2.18785e+08
2.18785e+08
2.18785e+08
2.18785e+08
2.18785e+08
2.18785e+08
2.18785e+08
2.18785e+08
2.18785e+08
2.18785e+08
2.18785e+08
2.18785e+08
2.18785e+08
2.18785e+08
2.18785e+08
2.18785e+08
2.18785e+08
2.18785e+08
2.18785e+08
2.18832e+08
2.18832e+08
2.18832e+08
2.18832e+08
2.18832e+08
2.18832e+08
2.18832e+08
2.18832e+08
2.18832e+08
2.18832e+08
2.18832e+08
2.18832e+08
2.18832e+08
2.18832e+08
2.18832e+08
2.18832e+08
2.18832e+08
2.18832e+08
2.18832e+08
2.18832e+08
2.18832e+08
2.18832e+08
2.18832e+08
2.18832e+08
2.18832e+08
2.18832e+08
2.18832e+08
2.18832e+08
2.18832e+08
2.18832e+08
2.18832e+08
2.18832e+08
2.18832e+08
2.18832e+08
2.18832e+08
2.18832e+08
2.18832e+08
2.18832e+08
2.18832e+08
2.18832e+08
2.18832e+08
2.18832e+08
2.18832e+08
2.18832e+08
2.18832e+08
2.18832e+08
2.18832e+08
2.18832e+08
2.18832e+08
2.18832e+08
2.18832e+08
2.18832e+08
2.18832e+08
2.18832e+08
2.18832e+08
2.18832e+08
2.18832e+08
2.18832e+08
2.18832e+08
2.18832e+08
2.18878e+08
2.18878e+08
2.18878e+08
2.18878e+08
2.18878e+08
2.18878e+08
2.18878e+08
2.18878e+08
2.18878e+08
2.18878e+08
2.18878e+08
2.18878e+08
2.18878e+08
2.18878e+08
2.18878e+08
2.18878e+08
2.18878e+08
2.18878e+08
2.18878e+08
2.18878e+08
2.18878e+08
2.18878e+08
2.18878e+08
2.18878e+08
2.18878e+08
2.18878e+08
2.18878e+08
2.18878e+08
2.18878e+08
2.18878e+08
2.18878e+08
2.18878e+08
2.18878e+08
2.18878e+08
2.18878e+08
2.18878e+08
2.18878e+08
2.18878e+08
2.18878e+08
2.18878e+08
2.18878e+08
2.18878e+08
2.18878e+08
2.18878e+08
2.18878e+08
2.18878e+08
2.18878e+08
2.18878e+08
2.18878e+08
2.18878e+08
2.18878e+08
2.18878e+08
2.18878e+08
2.18878e+08
2.18878e+08
2.18878e+08
2.18878e+08
2.18878e+08
2.18878e+08
2.18878e+08
2.18926e+08
2.18926e+08
2.18926e+08
2.18926e+08
2.18926e+08
2.18926e+08
2.18926e+08
2.18926e+08
2.18926e+08
2.18926e+08
2.18926e+08
2.18926e+08
2.18926e+08
2.18926e+08
2.18926e+08
2.18926e+08
2.18926e+08
2.18926e+08
2.18926e+08
2.18926e+08
2.18926e+08
2.18926e+08
2.18926e+08
2.18926e+08
2.18926e+08
2.18926e+08
2.18926e+08
2.18926e+08
2.18926e+08
2.18926e+08
2.18926e+08
2.18926e+08
2.18926e+08
2.18926e+08
2.18926e+08
2.18926e+08
2.18926e+08
2.18926e+08
2.18926e+08
2.18926e+08
2.18926e+08
2.18926e+08
2.18926e+08
2.18926e+08
2.18926e+08
2.18926e+08
2.18926e+08
2.18926e+08
2.18926e+08
2.18926e+08
2.18926e+08
2.18926e+08
2.18926e+08
2.18926e+08
2.18926e+08
2.18926e+08
2.18926e+08
2.18926e+08
2.18926e+08
2.18926e+08
2.18973e+08
2.18973e+08
2.18973e+08
2.18973e+08
2.18973e+08
2.18973e+08
2.18973e+08
2.18973e+08
2.18973e+08
2.18973e+08
2.18973e+08
2.18973e+08
2.18973e+08
2.18973e+08
2.18973e+08
2.18973e+08
2.18973e+08
2.18973e+08
2.18973e+08
2.18973e+08
2.18973e+08
2.18973e+08
2.18973e+08
2.18973e+08
2.18973e+08
2.18973e+08
2.18973e+08
2.18973e+08
2.18973e+08
2.18973e+08
2.18973e+08
2.18973e+08
2.18973e+08
2.18973e+08
2.18973e+08
2.18973e+08
2.18973e+08
2.18973e+08
2.18973e+08
2.18973e+08
2.18973e+08
2.18973e+08
2.18973e+08
2.18973e+08
2.18973e+08
2.18973e+08
2.18973e+08
2.18973e+08
2.18973e+08
2.18973e+08
2.18973e+08
2.18973e+08
2.18973e+08
2.18973e+08
2.18973e+08
2.18973e+08
2.18973e+08
2.18973e+08
2.18973e+08
2.18973e+08
2.19021e+08
2.19021e+08
2.19021e+08
2.19021e+08
2.19021e+08
2.19021e+08
2.19021e+08
2.19021e+08
2.19021e+08
2.19021e+08
2.19021e+08
2.19021e+08
2.19021e+08
2.19021e+08
2.19021e+08
2.19021e+08
2.19021e+08
2.19021e+08
2.19021e+08
2.19021e+08
2.19021e+08
2.19021e+08
2.19021e+08
2.19021e+08
2.19021e+08
2.19021e+08
2.19021e+08
2.19021e+08
2.19021e+08
2.19021e+08
2.19021e+08
2.19021e+08
2.19021e+08
2.19021e+08
2.19021e+08
2.19021e+08
2.19021e+08
2.19021e+08
2.19021e+08
2.19021e+08
2.19021e+08
2.19021e+08
2.19021e+08
2.19021e+08
2.19021e+08
2.19021e+08
2.19021e+08
2.19021e+08
2.19021e+08
2.19021e+08
2.19021e+08
2.19021e+08
2.19021e+08
2.19021e+08
2.19021e+08
2.19021e+08
2.19021e+08
2.19021e+08
2.19021e+08
2.19021e+08
2.1907e+08
2.1907e+08
2.1907e+08
2.1907e+08
2.1907e+08
2.1907e+08
2.1907e+08
2.1907e+08
2.1907e+08
2.1907e+08
2.1907e+08
2.1907e+08
2.1907e+08
2.1907e+08
2.1907e+08
2.1907e+08
2.1907e+08
2.1907e+08
2.1907e+08
2.1907e+08
2.1907e+08
2.1907e+08
2.1907e+08
2.1907e+08
2.1907e+08
2.1907e+08
2.1907e+08
2.1907e+08
2.1907e+08
2.1907e+08
2.1907e+08
2.1907e+08
2.1907e+08
2.1907e+08
2.1907e+08
2.1907e+08
2.1907e+08
2.1907e+08
2.1907e+08
2.1907e+08
2.1907e+08
2.1907e+08
2.1907e+08
2.1907e+08
2.1907e+08
2.1907e+08
2.1907e+08
2.1907e+08
2.1907e+08
2.1907e+08
2.1907e+08
2.1907e+08
2.1907e+08
2.1907e+08
2.1907e+08
2.1907e+08
2.1907e+08
2.1907e+08
2.1907e+08
2.1907e+08
2.19118e+08
2.19118e+08
2.19118e+08
2.19118e+08
2.19118e+08
2.19118e+08
2.19118e+08
2.19118e+08
2.19118e+08
2.19118e+08
2.19118e+08
2.19118e+08
2.19118e+08
2.19118e+08
2.19118e+08
2.19118e+08
2.19118e+08
2.19118e+08
2.19118e+08
2.19118e+08
2.19118e+08
2.19118e+08
2.19118e+08
2.19118e+08
2.19118e+08
2.19118e+08
2.19118e+08
2.19118e+08
2.19118e+08
2.19118e+08
2.19118e+08
2.19118e+08
2.19118e+08
2.19118e+08
2.19118e+08
2.19118e+08
2.19118e+08
2.19118e+08
2.19118e+08
2.19118e+08
2.19118e+08
2.19118e+08
2.19118e+08
2.19118e+08
2.19118e+08
2.19118e+08
2.19118e+08
2.19118e+08
2.19118e+08
2.19118e+08
2.19118e+08
2.19118e+08
2.19118e+08
2.19118e+08
2.19118e+08
2.19118e+08
2.19118e+08
2.19118e+08
2.19118e+08
2.19118e+08
2.19167e+08
2.19167e+08
2.19167e+08
2.19167e+08
2.19167e+08
2.19167e+08
2.19167e+08
2.19167e+08
2.19167e+08
2.19167e+08
2.19167e+08
2.19167e+08
2.19167e+08
2.19167e+08
2.19167e+08
2.19167e+08
2.19167e+08
2.19167e+08
2.19167e+08
2.19167e+08
2.19167e+08
2.19167e+08
2.19167e+08
2.19167e+08
2.19167e+08
2.19167e+08
2.19167e+08
2.19167e+08
2.19167e+08
2.19167e+08
2.19167e+08
2.19167e+08
2.19167e+08
2.19167e+08
2.19167e+08
2.19167e+08
2.19167e+08
2.19167e+08
2.19167e+08
2.19167e+08
2.19167e+08
2.19167e+08
2.19167e+08
2.19167e+08
2.19167e+08
2.19167e+08
2.19167e+08
2.19167e+08
2.19167e+08
2.19167e+08
2.19167e+08
2.19167e+08
2.19167e+08
2.19167e+08
2.19167e+08
2.19167e+08
2.19167e+08
2.19167e+08
2.19167e+08
2.19167e+08
2.19216e+08
2.19216e+08
2.19216e+08
2.19216e+08
2.19216e+08
2.19216e+08
2.19216e+08
2.19216e+08
2.19216e+08
2.19216e+08
2.19216e+08
2.19216e+08
2.19216e+08
2.19216e+08
2.19216e+08
2.19216e+08
2.19216e+08
2.19216e+08
2.19216e+08
2.19216e+08
2.19216e+08
2.19216e+08
2.19216e+08
2.19216e+08
2.19216e+08
2.19216e+08
2.19216e+08
2.19216e+08
2.19216e+08
2.19216e+08
2.19216e+08
2.19216e+08
2.19216e+08
2.19216e+08
2.19216e+08
2.19216e+08
2.19216e+08
2.19216e+08
2.19216e+08
2.19216e+08
2.19216e+08
2.19216e+08
2.19216e+08
2.19216e+08
2.19216e+08
2.19216e+08
2.19216e+08
2.19216e+08
2.19216e+08
2.19216e+08
2.19216e+08
2.19216e+08
2.19216e+08
2.19216e+08
2.19216e+08
2.19216e+08
2.19216e+08
2.19216e+08
2.19216e+08
2.19216e+08
2.19266e+08
2.19266e+08
2.19266e+08
2.19266e+08
2.19266e+08
2.19266e+08
2.19266e+08
2.19266e+08
2.19266e+08
2.19266e+08
2.19266e+08
2.19266e+08
2.19266e+08
2.19266e+08
2.19266e+08
2.19266e+08
2.19266e+08
2.19266e+08
2.19266e+08
2.19266e+08
2.19266e+08
2.19266e+08
2.19266e+08
2.19266e+08
2.19266e+08
2.19266e+08
2.19266e+08
2.19266e+08
2.19266e+08
2.19266e+08
2.19266e+08
2.19266e+08
2.19266e+08
2.19266e+08
2.19266e+08
2.19266e+08
2.19266e+08
2.19266e+08
2.19266e+08
2.19266e+08
2.19266e+08
2.19266e+08
2.19266e+08
2.19266e+08
2.19266e+08
2.19266e+08
2.19266e+08
2.19266e+08
2.19266e+08
2.19266e+08
2.19266e+08
2.19266e+08
2.19266e+08
2.19266e+08
2.19266e+08
2.19266e+08
2.19266e+08
2.19266e+08
2.19266e+08
2.19266e+08
2.19316e+08
2.19316e+08
2.19316e+08
2.19316e+08
2.19316e+08
2.19316e+08
2.19316e+08
2.19316e+08
2.19316e+08
2.19316e+08
2.19316e+08
2.19316e+08
2.19316e+08
2.19316e+08
2.19316e+08
2.19316e+08
2.19316e+08
2.19316e+08
2.19316e+08
2.19316e+08
2.19316e+08
2.19316e+08
2.19316e+08
2.19316e+08
2.19316e+08
2.19316e+08
2.19316e+08
2.19316e+08
2.19316e+08
2.19316e+08
2.19316e+08
2.19316e+08
2.19316e+08
2.19316e+08
2.19316e+08
2.19316e+08
2.19316e+08
2.19316e+08
2.19316e+08
2.19316e+08
2.19316e+08
2.19316e+08
2.19316e+08
2.19316e+08
2.19316e+08
2.19316e+08
2.19316e+08
2.19316e+08
2.19316e+08
2.19316e+08
2.19316e+08
2.19316e+08
2.19316e+08
2.19316e+08
2.19316e+08
2.19316e+08
2.19316e+08
2.19316e+08
2.19316e+08
2.19316e+08
2.19366e+08
2.19366e+08
2.19366e+08
2.19366e+08
2.19366e+08
2.19366e+08
2.19366e+08
2.19366e+08
2.19366e+08
2.19366e+08
2.19366e+08
2.19366e+08
2.19366e+08
2.19366e+08
2.19366e+08
2.19366e+08
2.19366e+08
2.19366e+08
2.19366e+08
2.19366e+08
2.19366e+08
2.19366e+08
2.19366e+08
2.19366e+08
2.19366e+08
2.19366e+08
2.19366e+08
2.19366e+08
2.19366e+08
2.19366e+08
2.19366e+08
2.19366e+08
2.19366e+08
2.19366e+08
2.19366e+08
2.19366e+08
2.19366e+08
2.19366e+08
2.19366e+08
2.19366e+08
2.19366e+08
2.19366e+08
2.19366e+08
2.19366e+08
2.19366e+08
2.19366e+08
2.19366e+08
2.19366e+08
2.19366e+08
2.19366e+08
2.19366e+08
2.19366e+08
2.19366e+08
2.19366e+08
2.19366e+08
2.19366e+08
2.19366e+08
2.19366e+08
2.19366e+08
2.19366e+08
2.19417e+08
2.19417e+08
2.19417e+08
2.19417e+08
2.19417e+08
2.19417e+08
2.19417e+08
2.19417e+08
2.19417e+08
2.19417e+08
2.19417e+08
2.19417e+08
2.19417e+08
2.19417e+08
2.19417e+08
2.19417e+08
2.19417e+08
2.19417e+08
2.19417e+08
2.19417e+08
2.19417e+08
2.19417e+08
2.19417e+08
2.19417e+08
2.19417e+08
2.19417e+08
2.19417e+08
2.19417e+08
2.19417e+08
2.19417e+08
2.19417e+08
2.19417e+08
2.19417e+08
2.19417e+08
2.19417e+08
2.19417e+08
2.19417e+08
2.19417e+08
2.19417e+08
2.19417e+08
2.19417e+08
2.19417e+08
2.19417e+08
2.19417e+08
2.19417e+08
2.19417e+08
2.19417e+08
2.19417e+08
2.19417e+08
2.19417e+08
2.19417e+08
2.19417e+08
2.19417e+08
2.19417e+08
2.19417e+08
2.19417e+08
2.19417e+08
2.19417e+08
2.19417e+08
2.19417e+08
2.19468e+08
2.19468e+08
2.19468e+08
2.19468e+08
2.19468e+08
2.19468e+08
2.19468e+08
2.19468e+08
2.19468e+08
2.19468e+08
2.19468e+08
2.19468e+08
2.19468e+08
2.19468e+08
2.19468e+08
2.19468e+08
2.19468e+08
2.19468e+08
2.19468e+08
2.19468e+08
2.19468e+08
2.19468e+08
2.19468e+08
2.19468e+08
2.19468e+08
2.19468e+08
2.19468e+08
2.19468e+08
2.19468e+08
2.19468e+08
2.19468e+08
2.19468e+08
2.19468e+08
2.19468e+08
2.19468e+08
2.19468e+08
2.19468e+08
2.19468e+08
2.19468e+08
2.19468e+08
2.19468e+08
2.19468e+08
2.19468e+08
2.19468e+08
2.19468e+08
2.19468e+08
2.19468e+08
2.19468e+08
2.19468e+08
2.19468e+08
2.19468e+08
2.19468e+08
2.19468e+08
2.19468e+08
2.19468e+08
2.19468e+08
2.19468e+08
2.19468e+08
2.19468e+08
2.19468e+08
2.19519e+08
2.19519e+08
2.19519e+08
2.19519e+08
2.19519e+08
2.19519e+08
2.19519e+08
2.19519e+08
2.19519e+08
2.19519e+08
2.19519e+08
2.19519e+08
2.19519e+08
2.19519e+08
2.19519e+08
2.19519e+08
2.19519e+08
2.19519e+08
2.19519e+08
2.19519e+08
2.19519e+08
2.19519e+08
2.19519e+08
2.19519e+08
2.19519e+08
2.19519e+08
2.19519e+08
2.19519e+08
2.19519e+08
2.19519e+08
2.19519e+08
2.19519e+08
2.19519e+08
2.19519e+08
2.19519e+08
2.19519e+08
2.19519e+08
2.19519e+08
2.19519e+08
2.19519e+08
2.19519e+08
2.19519e+08
2.19519e+08
2.19519e+08
2.19519e+08
2.19519e+08
2.19519e+08
2.19519e+08
2.19519e+08
2.19519e+08
2.19519e+08
2.19519e+08
2.19519e+08
2.19519e+08
2.19519e+08
2.19519e+08
2.19519e+08
2.19519e+08
2.19519e+08
2.19519e+08
2.19571e+08
2.19571e+08
2.19571e+08
2.19571e+08
2.19571e+08
2.19571e+08
2.19571e+08
2.19571e+08
2.19571e+08
2.19571e+08
2.19571e+08
2.19571e+08
2.19571e+08
2.19571e+08
2.19571e+08
2.19571e+08
2.19571e+08
2.19571e+08
2.19571e+08
2.19571e+08
2.19571e+08
2.19571e+08
2.19571e+08
2.19571e+08
2.19571e+08
2.19571e+08
2.19571e+08
2.19571e+08
2.19571e+08
2.19571e+08
2.19571e+08
2.19571e+08
2.19571e+08
2.19571e+08
2.19571e+08
2.19571e+08
2.19571e+08
2.19571e+08
2.19571e+08
2.19571e+08
2.19571e+08
2.19571e+08
2.19571e+08
2.19571e+08
2.19571e+08
2.19571e+08
2.19571e+08
2.19571e+08
2.19571e+08
2.19571e+08
2.19571e+08
2.19571e+08
2.19571e+08
2.19571e+08
2.19571e+08
2.19571e+08
2.19571e+08
2.19571e+08
2.19571e+08
2.19571e+08
2.19623e+08
2.19623e+08
2.19623e+08
2.19623e+08
2.19623e+08
2.19623e+08
2.19623e+08
2.19623e+08
2.19623e+08
2.19623e+08
2.19623e+08
2.19623e+08
2.19623e+08
2.19623e+08
2.19623e+08
2.19623e+08
2.19623e+08
2.19623e+08
2.19623e+08
2.19623e+08
2.19623e+08
2.19623e+08
2.19623e+08
2.19623e+08
2.19623e+08
2.19623e+08
2.19623e+08
2.19623e+08
2.19623e+08
2.19623e+08
2.19623e+08
2.19623e+08
2.19623e+08
2.19623e+08
2.19623e+08
2.19623e+08
2.19623e+08
2.19623e+08
2.19623e+08
2.19623e+08
2.19623e+08
2.19623e+08
2.19623e+08
2.19623e+08
2.19623e+08
2.19623e+08
2.19623e+08
2.19623e+08
2.19623e+08
2.19623e+08
2.19623e+08
2.19623e+08
2.19623e+08
2.19623e+08
2.19623e+08
2.19623e+08
2.19623e+08
2.19623e+08
2.19623e+08
2.19623e+08
2.19676e+08
2.19676e+08
2.19676e+08
2.19676e+08
2.19676e+08
2.19676e+08
2.19676e+08
2.19676e+08
2.19676e+08
2.19676e+08
2.19676e+08
2.19676e+08
2.19676e+08
2.19676e+08
2.19676e+08
2.19676e+08
2.19676e+08
2.19676e+08
2.19676e+08
2.19676e+08
2.19676e+08
2.19676e+08
2.19676e+08
2.19676e+08
2.19676e+08
2.19676e+08
2.19676e+08
2.19676e+08
2.19676e+08
2.19676e+08
2.19676e+08
2.19676e+08
2.19676e+08
2.19676e+08
2.19676e+08
2.19676e+08
2.19676e+08
2.19676e+08
2.19676e+08
2.19676e+08
2.19676e+08
2.19676e+08
2.19676e+08
2.19676e+08
2.19676e+08
2.19676e+08
2.19676e+08
2.19676e+08
2.19676e+08
2.19676e+08
2.19676e+08
2.19676e+08
2.19676e+08
2.19676e+08
2.19676e+08
2.19676e+08
2.19676e+08
2.19676e+08
2.19676e+08
2.19676e+08
2.19728e+08
2.19728e+08
2.19728e+08
2.19728e+08
2.19728e+08
2.19728e+08
2.19728e+08
2.19728e+08
2.19728e+08
2.19728e+08
2.19728e+08
2.19728e+08
2.19728e+08
2.19728e+08
2.19728e+08
2.19728e+08
2.19728e+08
2.19728e+08
2.19728e+08
2.19728e+08
2.19728e+08
2.19728e+08
2.19728e+08
2.19728e+08
2.19728e+08
2.19728e+08
2.19728e+08
2.19728e+08
2.19728e+08
2.19728e+08
2.19728e+08
2.19728e+08
2.19728e+08
2.19728e+08
2.19728e+08
2.19728e+08
2.19728e+08
2.19728e+08
2.19728e+08
2.19728e+08
2.19728e+08
2.19728e+08
2.19728e+08
2.19728e+08
2.19728e+08
2.19728e+08
2.19728e+08
2.19728e+08
2.19728e+08
2.19728e+08
2.19728e+08
2.19728e+08
2.19728e+08
2.19728e+08
2.19728e+08
2.19728e+08
2.19728e+08
2.19728e+08
2.19728e+08
2.19728e+08
2.19781e+08
2.19781e+08
2.19781e+08
2.19781e+08
2.19781e+08
2.19781e+08
2.19781e+08
2.19781e+08
2.19781e+08
2.19781e+08
2.19781e+08
2.19781e+08
2.19781e+08
2.19781e+08
2.19781e+08
2.19781e+08
2.19781e+08
2.19781e+08
2.19781e+08
2.19781e+08
2.19781e+08
2.19781e+08
2.19781e+08
2.19781e+08
2.19781e+08
2.19781e+08
2.19781e+08
2.19781e+08
2.19781e+08
2.19781e+08
2.19781e+08
2.19781e+08
2.19781e+08
2.19781e+08
2.19781e+08
2.19781e+08
2.19781e+08
2.19781e+08
2.19781e+08
2.19781e+08
2.19781e+08
2.19781e+08
2.19781e+08
2.19781e+08
2.19781e+08
2.19781e+08
2.19781e+08
2.19781e+08
2.19781e+08
2.19781e+08
2.19781e+08
2.19781e+08
2.19781e+08
2.19781e+08
2.19781e+08
2.19781e+08
2.19781e+08
2.19781e+08
2.19781e+08
2.19781e+08
2.19835e+08
2.19835e+08
2.19835e+08
2.19835e+08
2.19835e+08
2.19835e+08
2.19835e+08
2.19835e+08
2.19835e+08
2.19835e+08
2.19835e+08
2.19835e+08
2.19835e+08
2.19835e+08
2.19835e+08
2.19835e+08
2.19835e+08
2.19835e+08
2.19835e+08
2.19835e+08
2.19835e+08
2.19835e+08
2.19835e+08
2.19835e+08
2.19835e+08
2.19835e+08
2.19835e+08
2.19835e+08
2.19835e+08
2.19835e+08
2.19835e+08
2.19835e+08
2.19835e+08
2.19835e+08
2.19835e+08
2.19835e+08
2.19835e+08
2.19835e+08
2.19835e+08
2.19835e+08
2.19835e+08
2.19835e+08
2.19835e+08
2.19835e+08
2.19835e+08
2.19835e+08
2.19835e+08
2.19835e+08
2.19835e+08
2.19835e+08
2.19835e+08
2.19835e+08
2.19835e+08
2.19835e+08
2.19835e+08
2.19835e+08
2.19835e+08
2.19835e+08
2.19835e+08
2.19835e+08
2.19889e+08
2.19889e+08
2.19889e+08
2.19889e+08
2.19889e+08
2.19889e+08
2.19889e+08
2.19889e+08
2.19889e+08
2.19889e+08
2.19889e+08
2.19889e+08
2.19889e+08
2.19889e+08
2.19889e+08
2.19889e+08
2.19889e+08
2.19889e+08
2.19889e+08
2.19889e+08
2.19889e+08
2.19889e+08
2.19889e+08
2.19889e+08
2.19889e+08
2.19889e+08
2.19889e+08
2.19889e+08
2.19889e+08
2.19889e+08
2.19889e+08
2.19889e+08
2.19889e+08
2.19889e+08
2.19889e+08
2.19889e+08
2.19889e+08
2.19889e+08
2.19889e+08
2.19889e+08
2.19889e+08
2.19889e+08
2.19889e+08
2.19889e+08
2.19889e+08
2.19889e+08
2.19889e+08
2.19889e+08
2.19889e+08
2.19889e+08
2.19889e+08
2.19889e+08
2.19889e+08
2.19889e+08
2.19889e+08
2.19889e+08
2.19889e+08
2.19889e+08
2.19889e+08
2.19889e+08
2.19943e+08
2.19943e+08
2.19943e+08
2.19943e+08
2.19943e+08
2.19943e+08
2.19943e+08
2.19943e+08
2.19943e+08
2.19943e+08
2.19943e+08
2.19943e+08
2.19943e+08
2.19943e+08
2.19943e+08
2.19943e+08
2.19943e+08
2.19943e+08
2.19943e+08
2.19943e+08
2.19943e+08
2.19943e+08
2.19943e+08
2.19943e+08
2.19943e+08
2.19943e+08
2.19943e+08
2.19943e+08
2.19943e+08
2.19943e+08
2.19943e+08
2.19943e+08
2.19943e+08
2.19943e+08
2.19943e+08
2.19943e+08
2.19943e+08
2.19943e+08
2.19943e+08
2.19943e+08
2.19943e+08
2.19943e+08
2.19943e+08
2.19943e+08
2.19943e+08
2.19943e+08
2.19943e+08
2.19943e+08
2.19943e+08
2.19943e+08
2.19943e+08
2.19943e+08
2.19943e+08
2.19943e+08
2.19943e+08
2.19943e+08
2.19943e+08
2.19943e+08
2.19943e+08
2.19943e+08
)
;
    }
    hot
    {
        type            calculated;
        value           nonuniform List<scalar> 
640
(
1.77274e+08
1.77274e+08
1.77274e+08
1.77274e+08
1.77274e+08
1.77274e+08
1.77274e+08
1.77274e+08
1.77274e+08
1.77274e+08
1.77274e+08
1.77274e+08
1.77274e+08
1.77274e+08
1.77274e+08
1.77274e+08
1.77274e+08
1.77274e+08
1.77274e+08
1.77274e+08
1.77284e+08
1.77284e+08
1.77284e+08
1.77284e+08
1.77284e+08
1.77284e+08
1.77284e+08
1.77284e+08
1.77284e+08
1.77284e+08
1.77284e+08
1.77284e+08
1.77284e+08
1.77284e+08
1.77284e+08
1.77284e+08
1.77284e+08
1.77284e+08
1.77284e+08
1.77284e+08
1.77296e+08
1.77296e+08
1.77296e+08
1.77296e+08
1.77296e+08
1.77296e+08
1.77296e+08
1.77296e+08
1.77296e+08
1.77296e+08
1.77296e+08
1.77296e+08
1.77296e+08
1.77296e+08
1.77296e+08
1.77296e+08
1.77296e+08
1.77296e+08
1.77296e+08
1.77296e+08
1.77307e+08
1.77307e+08
1.77307e+08
1.77307e+08
1.77307e+08
1.77307e+08
1.77307e+08
1.77307e+08
1.77307e+08
1.77307e+08
1.77307e+08
1.77307e+08
1.77307e+08
1.77307e+08
1.77307e+08
1.77307e+08
1.77307e+08
1.77307e+08
1.77307e+08
1.77307e+08
1.77319e+08
1.77319e+08
1.77319e+08
1.77319e+08
1.77319e+08
1.77319e+08
1.77319e+08
1.77319e+08
1.77319e+08
1.77319e+08
1.77319e+08
1.77319e+08
1.77319e+08
1.77319e+08
1.77319e+08
1.77319e+08
1.77319e+08
1.77319e+08
1.77319e+08
1.77319e+08
1.7733e+08
1.7733e+08
1.7733e+08
1.7733e+08
1.7733e+08
1.7733e+08
1.7733e+08
1.7733e+08
1.7733e+08
1.7733e+08
1.7733e+08
1.7733e+08
1.7733e+08
1.7733e+08
1.7733e+08
1.7733e+08
1.7733e+08
1.7733e+08
1.7733e+08
1.7733e+08
1.77342e+08
1.77342e+08
1.77342e+08
1.77342e+08
1.77342e+08
1.77342e+08
1.77342e+08
1.77342e+08
1.77342e+08
1.77342e+08
1.77342e+08
1.77342e+08
1.77342e+08
1.77342e+08
1.77342e+08
1.77342e+08
1.77342e+08
1.77342e+08
1.77342e+08
1.77342e+08
1.77353e+08
1.77353e+08
1.77353e+08
1.77353e+08
1.77353e+08
1.77353e+08
1.77353e+08
1.77353e+08
1.77353e+08
1.77353e+08
1.77353e+08
1.77353e+08
1.77353e+08
1.77353e+08
1.77353e+08
1.77353e+08
1.77353e+08
1.77353e+08
1.77353e+08
1.77353e+08
1.77365e+08
1.77365e+08
1.77365e+08
1.77365e+08
1.77365e+08
1.77365e+08
1.77365e+08
1.77365e+08
1.77365e+08
1.77365e+08
1.77365e+08
1.77365e+08
1.77365e+08
1.77365e+08
1.77365e+08
1.77365e+08
1.77365e+08
1.77365e+08
1.77365e+08
1.77365e+08
1.77377e+08
1.77377e+08
1.77377e+08
1.77377e+08
1.77377e+08
1.77377e+08
1.77377e+08
1.77377e+08
1.77377e+08
1.77377e+08
1.77377e+08
1.77377e+08
1.77377e+08
1.77377e+08
1.77377e+08
1.77377e+08
1.77377e+08
1.77377e+08
1.77377e+08
1.77377e+08
1.77388e+08
1.77388e+08
1.77388e+08
1.77388e+08
1.77388e+08
1.77388e+08
1.77388e+08
1.77388e+08
1.77388e+08
1.77388e+08
1.77388e+08
1.77388e+08
1.77388e+08
1.77388e+08
1.77388e+08
1.77388e+08
1.77388e+08
1.77388e+08
1.77388e+08
1.77388e+08
1.77401e+08
1.77401e+08
1.77401e+08
1.77401e+08
1.77401e+08
1.77401e+08
1.77401e+08
1.77401e+08
1.77401e+08
1.77401e+08
1.77401e+08
1.77401e+08
1.77401e+08
1.77401e+08
1.77401e+08
1.77401e+08
1.77401e+08
1.77401e+08
1.77401e+08
1.77401e+08
1.77412e+08
1.77412e+08
1.77412e+08
1.77412e+08
1.77412e+08
1.77412e+08
1.77412e+08
1.77412e+08
1.77412e+08
1.77412e+08
1.77412e+08
1.77412e+08
1.77412e+08
1.77412e+08
1.77412e+08
1.77412e+08
1.77412e+08
1.77412e+08
1.77412e+08
1.77412e+08
1.77425e+08
1.77425e+08
1.77425e+08
1.77425e+08
1.77425e+08
1.77425e+08
1.77425e+08
1.77425e+08
1.77425e+08
1.77425e+08
1.77425e+08
1.77425e+08
1.77425e+08
1.77425e+08
1.77425e+08
1.77425e+08
1.77425e+08
1.77425e+08
1.77425e+08
1.77425e+08
1.77436e+08
1.77436e+08
1.77436e+08
1.77436e+08
1.77436e+08
1.77436e+08
1.77436e+08
1.77436e+08
1.77436e+08
1.77436e+08
1.77436e+08
1.77436e+08
1.77436e+08
1.77436e+08
1.77436e+08
1.77436e+08
1.77436e+08
1.77436e+08
1.77436e+08
1.77436e+08
1.7745e+08
1.7745e+08
1.7745e+08
1.7745e+08
1.7745e+08
1.7745e+08
1.7745e+08
1.7745e+08
1.7745e+08
1.7745e+08
1.7745e+08
1.7745e+08
1.7745e+08
1.7745e+08
1.7745e+08
1.7745e+08
1.7745e+08
1.7745e+08
1.7745e+08
1.7745e+08
1.77462e+08
1.77462e+08
1.77462e+08
1.77462e+08
1.77462e+08
1.77462e+08
1.77462e+08
1.77462e+08
1.77462e+08
1.77462e+08
1.77462e+08
1.77462e+08
1.77462e+08
1.77462e+08
1.77462e+08
1.77462e+08
1.77462e+08
1.77462e+08
1.77462e+08
1.77462e+08
1.77474e+08
1.77474e+08
1.77474e+08
1.77474e+08
1.77474e+08
1.77474e+08
1.77474e+08
1.77474e+08
1.77474e+08
1.77474e+08
1.77474e+08
1.77474e+08
1.77474e+08
1.77474e+08
1.77474e+08
1.77474e+08
1.77474e+08
1.77474e+08
1.77474e+08
1.77474e+08
1.77487e+08
1.77487e+08
1.77487e+08
1.77487e+08
1.77487e+08
1.77487e+08
1.77487e+08
1.77487e+08
1.77487e+08
1.77487e+08
1.77487e+08
1.77487e+08
1.77487e+08
1.77487e+08
1.77487e+08
1.77487e+08
1.77487e+08
1.77487e+08
1.77487e+08
1.77487e+08
1.77499e+08
1.77499e+08
1.77499e+08
1.77499e+08
1.77499e+08
1.77499e+08
1.77499e+08
1.77499e+08
1.77499e+08
1.77499e+08
1.77499e+08
1.77499e+08
1.77499e+08
1.77499e+08
1.77499e+08
1.77499e+08
1.77499e+08
1.77499e+08
1.77499e+08
1.77499e+08
1.77513e+08
1.77513e+08
1.77513e+08
1.77513e+08
1.77513e+08
1.77513e+08
1.77513e+08
1.77513e+08
1.77513e+08
1.77513e+08
1.77513e+08
1.77513e+08
1.77513e+08
1.77513e+08
1.77513e+08
1.77513e+08
1.77513e+08
1.77513e+08
1.77513e+08
1.77513e+08
1.77524e+08
1.77524e+08
1.77524e+08
1.77524e+08
1.77524e+08
1.77524e+08
1.77524e+08
1.77524e+08
1.77524e+08
1.77524e+08
1.77524e+08
1.77524e+08
1.77524e+08
1.77524e+08
1.77524e+08
1.77524e+08
1.77524e+08
1.77524e+08
1.77524e+08
1.77524e+08
1.77539e+08
1.77539e+08
1.77539e+08
1.77539e+08
1.77539e+08
1.77539e+08
1.77539e+08
1.77539e+08
1.77539e+08
1.77539e+08
1.77539e+08
1.77539e+08
1.77539e+08
1.77539e+08
1.77539e+08
1.77539e+08
1.77539e+08
1.77539e+08
1.77539e+08
1.77539e+08
1.7755e+08
1.7755e+08
1.7755e+08
1.7755e+08
1.7755e+08
1.7755e+08
1.7755e+08
1.7755e+08
1.7755e+08
1.7755e+08
1.7755e+08
1.7755e+08
1.7755e+08
1.7755e+08
1.7755e+08
1.7755e+08
1.7755e+08
1.7755e+08
1.7755e+08
1.7755e+08
1.77565e+08
1.77565e+08
1.77565e+08
1.77565e+08
1.77565e+08
1.77565e+08
1.77565e+08
1.77565e+08
1.77565e+08
1.77565e+08
1.77565e+08
1.77565e+08
1.77565e+08
1.77565e+08
1.77565e+08
1.77565e+08
1.77565e+08
1.77565e+08
1.77565e+08
1.77565e+08
1.77576e+08
1.77576e+08
1.77576e+08
1.77576e+08
1.77576e+08
1.77576e+08
1.77576e+08
1.77576e+08
1.77576e+08
1.77576e+08
1.77576e+08
1.77576e+08
1.77576e+08
1.77576e+08
1.77576e+08
1.77576e+08
1.77576e+08
1.77576e+08
1.77576e+08
1.77576e+08
1.77591e+08
1.77591e+08
1.77591e+08
1.77591e+08
1.77591e+08
1.77591e+08
1.77591e+08
1.77591e+08
1.77591e+08
1.77591e+08
1.77591e+08
1.77591e+08
1.77591e+08
1.77591e+08
1.77591e+08
1.77591e+08
1.77591e+08
1.77591e+08
1.77591e+08
1.77591e+08
1.77603e+08
1.77603e+08
1.77603e+08
1.77603e+08
1.77603e+08
1.77603e+08
1.77603e+08
1.77603e+08
1.77603e+08
1.77603e+08
1.77603e+08
1.77603e+08
1.77603e+08
1.77603e+08
1.77603e+08
1.77603e+08
1.77603e+08
1.77603e+08
1.77603e+08
1.77603e+08
1.77618e+08
1.77618e+08
1.77618e+08
1.77618e+08
1.77618e+08
1.77618e+08
1.77618e+08
1.77618e+08
1.77618e+08
1.77618e+08
1.77618e+08
1.77618e+08
1.77618e+08
1.77618e+08
1.77618e+08
1.77618e+08
1.77618e+08
1.77618e+08
1.77618e+08
1.77618e+08
1.77631e+08
1.77631e+08
1.77631e+08
1.77631e+08
1.77631e+08
1.77631e+08
1.77631e+08
1.77631e+08
1.77631e+08
1.77631e+08
1.77631e+08
1.77631e+08
1.77631e+08
1.77631e+08
1.77631e+08
1.77631e+08
1.77631e+08
1.77631e+08
1.77631e+08
1.77631e+08
1.77644e+08
1.77644e+08
1.77644e+08
1.77644e+08
1.77644e+08
1.77644e+08
1.77644e+08
1.77644e+08
1.77644e+08
1.77644e+08
1.77644e+08
1.77644e+08
1.77644e+08
1.77644e+08
1.77644e+08
1.77644e+08
1.77644e+08
1.77644e+08
1.77644e+08
1.77644e+08
1.77659e+08
1.77659e+08
1.77659e+08
1.77659e+08
1.77659e+08
1.77659e+08
1.77659e+08
1.77659e+08
1.77659e+08
1.77659e+08
1.77659e+08
1.77659e+08
1.77659e+08
1.77659e+08
1.77659e+08
1.77659e+08
1.77659e+08
1.77659e+08
1.77659e+08
1.77659e+08
)
;
    }
    cold
    {
        type            calculated;
        value           uniform 0;
    }
}


// ************************************************************************* //
